# Differential number counts predicted by the model of Bethermin, Dole, Lagache, Le Borgne and Penin (2010, submitted to A&A)
# This file contains the prediction for MAMBO 1.2 mm
# column 1: S (in Jy)
# column 2: median dN/dS (gal/Jy/sr)
# column 3: 1-sigma inf dN/dS (gal/Jy/sr)
# column 4: 1-sigma sup dN/dS (gal/Jy/sr)
# column 5: 2-sigma inf dN/dS (gal/Jy/sr)
# column 6: 2-sigma sup dN/dS (gal/Jy/sr)
# WARNING: Due to the grid in redshift, there is an artficial deviation from the euclidian behavior at very high flux (S>1Jy). Use the model in this regime with caution.
# desc: flux@@float dnds_median@@float dnds_inf1@@float dnds_sup1@@float dnds_inf2@@float dnds_sup2@@float
  1.0000E-08    3.0914E+16    1.3124E+16    6.1450E+16    3.4506E+15    8.9477E+16
  1.1220E-08    2.7052E+16    1.1634E+16    5.3332E+16    3.1257E+15    7.7268E+16
  1.2589E-08    2.3671E+16    1.0314E+16    4.6286E+16    2.8315E+15    6.6725E+16
  1.4125E-08    2.0713E+16    9.1431E+15    4.0171E+16    2.5649E+15    5.7619E+16
  1.5849E-08    1.8125E+16    8.1054E+15    3.4864E+16    2.3234E+15    4.9758E+16
  1.7783E-08    1.5860E+16    7.1855E+15    3.0258E+16    2.1047E+15    4.2968E+16
  1.9953E-08    1.3878E+16    6.3699E+15    2.6260E+16    1.9065E+15    3.7104E+16
  2.2387E-08    1.2147E+16    5.6483E+15    2.2796E+16    1.7274E+15    3.2049E+16
  2.5119E-08    1.0631E+16    5.0082E+15    1.9788E+16    1.5650E+15    2.7681E+16
  2.8184E-08    9.3036E+15    4.4404E+15    1.7176E+16    1.4178E+15    2.3907E+16
  3.1623E-08    8.1419E+15    3.9368E+15    1.4909E+16    1.2844E+15    2.0648E+16
  3.5481E-08    7.1251E+15    3.4903E+15    1.2941E+16    1.1636E+15    1.7832E+16
  3.9811E-08    6.2352E+15    3.0944E+15    1.1232E+16    1.0541E+15    1.5400E+16
  4.4668E-08    5.4564E+15    2.7433E+15    9.7485E+15    9.5489E+14    1.3300E+16
  5.0119E-08    4.7748E+15    2.4320E+15    8.4611E+15    8.6502E+14    1.1486E+16
  5.6234E-08    4.1783E+15    2.1561E+15    7.3516E+15    7.8360E+14    9.9189E+15
  6.3096E-08    3.6563E+15    1.9114E+15    6.3908E+15    7.0984E+14    8.5657E+15
  7.0795E-08    3.1994E+15    1.6945E+15    5.5555E+15    6.4301E+14    7.3971E+15
  7.9433E-08    2.7997E+15    1.5022E+15    4.8294E+15    5.8248E+14    6.3880E+15
  8.9125E-08    2.4499E+15    1.3317E+15    4.1981E+15    5.2765E+14    5.5164E+15
  1.0000E-07    2.1438E+15    1.1806E+15    3.6494E+15    4.7797E+14    4.7638E+15
  1.1220E-07    1.8759E+15    1.0466E+15    3.1723E+15    4.3297E+14    4.1138E+15
  1.2589E-07    1.6415E+15    9.2753E+14    2.7577E+15    3.9221E+14    3.5525E+15
  1.4125E-07    1.4364E+15    8.1883E+14    2.3972E+15    3.5528E+14    3.0678E+15
  1.5849E-07    1.2573E+15    7.2287E+14    2.0838E+15    3.2184E+14    2.6492E+15
  1.7783E-07    1.1008E+15    6.3815E+14    1.8114E+15    2.9154E+14    2.2877E+15
  1.9953E-07    9.6373E+14    5.6337E+14    1.5746E+15    2.6409E+14    1.9756E+15
  2.2387E-07    8.4374E+14    4.9735E+14    1.3688E+15    2.3923E+14    1.7060E+15
  2.5119E-07    7.3868E+14    4.3906E+14    1.1899E+15    2.1671E+14    1.4732E+15
  2.8184E-07    6.4671E+14    3.8761E+14    1.0343E+15    1.9631E+14    1.2722E+15
  3.1623E-07    5.6619E+14    3.4218E+14    8.9911E+14    1.7783E+14    1.0986E+15
  3.5481E-07    4.9569E+14    3.0208E+14    7.8158E+14    1.6109E+14    9.4871E+14
  3.9811E-07    4.3397E+14    2.7039E+14    6.7941E+14    1.4592E+14    8.1925E+14
  4.4668E-07    3.7994E+14    2.4402E+14    5.9060E+14    1.3219E+14    7.0747E+14
  5.0119E-07    3.3263E+14    2.1858E+14    5.1340E+14    1.1975E+14    6.1094E+14
  5.6234E-07    2.9258E+14    1.9377E+14    4.4630E+14    1.0848E+14    5.2758E+14
  6.3096E-07    2.5746E+14    1.7178E+14    3.8796E+14    9.8266E+13    4.5559E+14
  7.0795E-07    2.2655E+14    1.5228E+14    3.3726E+14    8.9019E+13    3.9342E+14
  7.9433E-07    1.9935E+14    1.3500E+14    2.9318E+14    8.0642E+13    3.3974E+14
  8.9125E-07    1.7542E+14    1.1968E+14    2.5486E+14    7.3054E+13    2.9339E+14
  1.0000E-06    1.5416E+14    1.0610E+14    2.2155E+14    6.6180E+13    2.5335E+14
  1.1220E-06    1.3479E+14    9.4065E+13    1.9260E+14    5.9955E+13    2.1981E+14
  1.2589E-06    1.1786E+14    8.3395E+13    1.6744E+14    5.4317E+13    1.9078E+14
  1.4125E-06    1.0298E+14    7.3935E+13    1.4556E+14    4.9209E+13    1.6558E+14
  1.5849E-06    9.0110E+13    6.5549E+13    1.2655E+14    4.4582E+13    1.4371E+14
  1.7783E-06    7.8792E+13    5.8115E+13    1.1002E+14    4.0023E+13    1.2473E+14
  1.9953E-06    6.8897E+13    5.1527E+13    9.5652E+13    3.5634E+13    1.0825E+14
  2.2387E-06    6.0246E+13    4.5686E+13    8.3164E+13    3.1728E+13    9.3952E+13
  2.5119E-06    5.2681E+13    4.0509E+13    7.2308E+13    2.8250E+13    8.1540E+13
  2.8184E-06    4.7397E+13    3.5920E+13    6.2871E+13    2.5155E+13    7.0767E+13
  3.1623E-06    4.2446E+13    3.1852E+13    5.4670E+13    2.2400E+13    6.1418E+13
  3.5481E-06    3.7429E+13    2.8247E+13    4.7541E+13    1.9948E+13    5.3302E+13
  3.9811E-06    3.3009E+13    2.5051E+13    4.1344E+13    1.7765E+13    4.6258E+13
  4.4668E-06    2.9116E+13    2.2220E+13    3.5958E+13    1.5822E+13    4.0145E+13
  5.0119E-06    2.5687E+13    1.9710E+13    3.1277E+13    1.4093E+13    3.4839E+13
  5.6234E-06    2.2667E+13    1.7486E+13    2.7209E+13    1.2555E+13    3.0233E+13
  6.3096E-06    1.9998E+13    1.5515E+13    2.3673E+13    1.1185E+13    2.6236E+13
  7.0795E-06    1.7470E+13    1.3769E+13    2.0708E+13    9.9660E+12    2.2766E+13
  7.9433E-06    1.5263E+13    1.2222E+13    1.7929E+13    8.8812E+12    1.9754E+13
  8.9125E-06    1.3325E+13    1.0852E+13    1.5609E+13    7.9157E+12    1.7183E+13
  1.0000E-05    1.1595E+13    9.6377E+12    1.3517E+13    7.0561E+12    1.5533E+13
  1.1220E-05    1.0092E+13    8.5293E+12    1.1682E+13    6.2910E+12    1.4042E+13
  1.2589E-05    8.7872E+12    7.5892E+12    1.0098E+13    5.6107E+12    1.2700E+13
  1.4125E-05    7.6536E+12    6.7687E+12    8.7309E+12    5.0053E+12    1.1489E+13
  1.5849E-05    6.6692E+12    5.9798E+12    7.5512E+12    4.4665E+12    1.0396E+13
  1.7783E-05    5.8145E+12    5.2809E+12    6.6301E+12    3.9869E+12    9.4096E+12
  1.9953E-05    5.1351E+12    4.6667E+12    5.8830E+12    3.5599E+12    8.5177E+12
  2.2387E-05    4.5676E+12    4.1268E+12    5.2242E+12    3.1794E+12    7.7110E+12
  2.5119E-05    4.0028E+12    3.6393E+12    4.5747E+12    2.8402E+12    6.9804E+12
  2.8184E-05    3.5103E+12    3.2068E+12    4.0060E+12    2.5376E+12    6.3181E+12
  3.1623E-05    3.0808E+12    2.8224E+12    3.5379E+12    2.2670E+12    5.7163E+12
  3.5481E-05    2.7344E+12    2.4804E+12    3.1401E+12    2.0242E+12    5.1677E+12
  3.9811E-05    2.4125E+12    2.1795E+12    2.7857E+12    1.8043E+12    4.6638E+12
  4.4668E-05    2.0984E+12    1.9148E+12    2.4694E+12    1.6052E+12    4.1987E+12
  5.0119E-05    1.8341E+12    1.6929E+12    2.1868E+12    1.4250E+12    3.7685E+12
  5.6234E-05    1.6112E+12    1.4963E+12    1.9346E+12    1.2619E+12    3.3738E+12
  6.3096E-05    1.4146E+12    1.3174E+12    1.7087E+12    1.1139E+12    3.0104E+12
  7.0795E-05    1.2412E+12    1.1540E+12    1.5065E+12    9.8043E+11    2.6751E+12
  7.9433E-05    1.0872E+12    1.0074E+12    1.3241E+12    8.5956E+11    2.3646E+12
  8.9125E-05    9.4518E+11    8.7293E+11    1.1568E+12    7.4791E+11    2.0744E+12
  1.0000E-04    8.1274E+11    7.5008E+11    1.0044E+12    6.4547E+11    1.8048E+12
  1.1220E-04    6.9438E+11    6.4043E+11    8.6701E+11    5.5294E+11    1.5571E+12
  1.2589E-04    5.9440E+11    5.4417E+11    7.4368E+11    4.7036E+11    1.3308E+12
  1.4125E-04    5.0552E+11    4.5807E+11    6.3727E+11    3.9725E+11    1.1257E+12
  1.5849E-04    4.2580E+11    3.8239E+11    5.4428E+11    3.3298E+11    9.4145E+11
  1.7783E-04    3.5510E+11    3.1670E+11    4.6100E+11    2.7714E+11    7.7818E+11
  1.9953E-04    2.9318E+11    2.6026E+11    3.8720E+11    2.2915E+11    6.3542E+11
  2.2387E-04    2.4172E+11    2.1229E+11    3.2246E+11    1.8829E+11    5.1232E+11
  2.5119E-04    1.9769E+11    1.7189E+11    2.6624E+11    1.5380E+11    4.0773E+11
  2.8184E-04    1.5883E+11    1.3823E+11    2.1793E+11    1.2492E+11    3.2023E+11
  3.1623E-04    1.2655E+11    1.1048E+11    1.7690E+11    1.0096E+11    2.4824E+11
  3.5481E-04    1.0001E+11    8.7818E+10    1.4235E+11    8.1183E+10    1.8989E+11
  3.9811E-04    7.8438E+10    6.9518E+10    1.1355E+11    6.4957E+10    1.4338E+11
  4.4668E-04    6.1072E+10    5.4754E+10    8.9768E+10    5.1557E+10    1.0687E+11
  5.0119E-04    4.6979E+10    4.2583E+10    7.0282E+10    3.9558E+10    7.8637E+10
  5.6234E-04    3.5845E+10    3.2390E+10    5.4491E+10    3.0092E+10    5.8368E+10
  6.3096E-04    2.7556E+10    2.5112E+10    4.1015E+10    2.2676E+10    4.3301E+10
  7.0795E-04    2.0880E+10    1.9436E+10    2.9350E+10    1.6916E+10    3.2610E+10
  7.9433E-04    1.5669E+10    1.4467E+10    2.1855E+10    1.2491E+10    2.4391E+10
  8.9125E-04    1.1658E+10    1.0216E+10    1.6048E+10    9.1149E+09    1.7991E+10
  1.0000E-03    8.6888E+09    7.1504E+09    1.1613E+10    6.5676E+09    1.3080E+10
  1.1220E-03    6.4670E+09    5.1084E+09    8.2795E+09    4.6733E+09    9.3717E+09
  1.2589E-03    4.6119E+09    3.6003E+09    5.8144E+09    3.1963E+09    6.6163E+09
  1.4125E-03    3.3312E+09    2.5012E+09    4.0504E+09    2.1139E+09    4.6176E+09
  1.5849E-03    2.3761E+09    1.7146E+09    2.8939E+09    1.3831E+09    3.2096E+09
  1.7783E-03    1.6706E+09    1.1574E+09    2.0434E+09    8.9318E+08    2.2533E+09
  1.9953E-03    1.1541E+09    7.6715E+08    1.4169E+09    5.6618E+08    1.5542E+09
  2.2387E-03    7.6314E+08    5.0142E+08    9.3037E+08    3.5463E+08    1.0556E+09
  2.5119E-03    5.0570E+08    3.2367E+08    6.0416E+08    2.2019E+08    7.0642E+08
  2.8184E-03    3.3567E+08    2.0631E+08    3.9844E+08    1.3535E+08    4.6604E+08
  3.1623E-03    2.2016E+08    1.3003E+08    2.5684E+08    8.2427E+07    3.0344E+08
  3.5481E-03    1.4257E+08    8.1058E+07    1.6654E+08    4.9772E+07    1.9508E+08
  3.9811E-03    9.1028E+07    5.0052E+07    1.0693E+08    2.9809E+07    1.2602E+08
  4.4668E-03    5.7243E+07    3.0671E+07    6.7766E+07    1.7732E+07    8.0634E+07
  5.0119E-03    3.5586E+07    1.8686E+07    4.2418E+07    1.0515E+07    5.1041E+07
  5.6234E-03    2.1874E+07    1.1418E+07    2.6253E+07    6.2337E+06    3.1997E+07
  6.3096E-03    1.3297E+07    7.0119E+06    1.6081E+07    3.7069E+06    1.9884E+07
  7.0795E-03    7.9193E+06    4.2587E+06    9.7640E+06    2.2191E+06    1.2268E+07
  7.9433E-03    4.7012E+06    2.5830E+06    5.8876E+06    1.3420E+06    7.5283E+06
  8.9125E-03    2.8183E+06    1.5692E+06    3.5319E+06    8.2257E+05    4.6015E+06
  1.0000E-02    1.6514E+06    9.5654E+05    2.1261E+06    5.1212E+05    2.8057E+06
  1.1220E-02    9.8049E+05    5.8928E+05    1.2998E+06    3.2443E+05    1.7092E+06
  1.2589E-02    5.8578E+05    3.6677E+05    7.9442E+05    2.0914E+05    1.0417E+06
  1.4125E-02    3.5168E+05    2.3028E+05    4.8581E+05    1.3707E+05    6.3593E+05
  1.5849E-02    2.1372E+05    1.4607E+05    2.9853E+05    9.1280E+04    3.8952E+05
  1.7783E-02    1.3276E+05    9.3597E+04    1.8422E+05    6.1602E+04    2.3956E+05
  1.9953E-02    8.2973E+04    6.0610E+04    1.1414E+05    4.2039E+04    1.4810E+05
  2.2387E-02    5.2137E+04    3.9715E+04    7.1124E+04    2.8989E+04    9.2171E+04
  2.5119E-02    3.3295E+04    2.6319E+04    4.4620E+04    2.0173E+04    5.7802E+04
  2.8184E-02    2.1514E+04    1.7615E+04    2.8192E+04    1.4135E+04    3.6527E+04
  3.1623E-02    1.4161E+04    1.1934E+04    1.7969E+04    9.9625E+03    2.3284E+04
  3.5481E-02    9.4584E+03    8.1228E+03    1.1561E+04    7.0324E+03    1.4991E+04
  3.9811E-02    6.3583E+03    5.5842E+03    7.4684E+03    4.9220E+03    9.7558E+03
  4.4668E-02    4.2864E+03    3.8805E+03    4.8819E+03    3.4049E+03    6.4197E+03
  5.0119E-02    2.9412E+03    2.7087E+03    3.2386E+03    2.3741E+03    4.2614E+03
  5.6234E-02    2.0544E+03    1.8877E+03    2.2369E+03    1.6756E+03    2.8582E+03
  6.3096E-02    1.4267E+03    1.3132E+03    1.5703E+03    1.1977E+03    1.9408E+03
  7.0795E-02    1.0171E+03    9.3016E+02    1.1128E+03    8.6374E+02    1.3326E+03
  7.9433E-02    7.2819E+02    6.6552E+02    7.9837E+02    6.2698E+02    9.2460E+02
  8.9125E-02    5.2880E+02    4.8100E+02    5.7699E+02    4.5765E+02    6.4898E+02
  1.0000E-01    3.8628E+02    3.5010E+02    4.1899E+02    3.3418E+02    4.6111E+02
  1.1220E-01    2.8104E+02    2.5470E+02    3.0430E+02    2.4353E+02    3.2965E+02
  1.2589E-01    2.0470E+02    1.8544E+02    2.2138E+02    1.7765E+02    2.3702E+02
  1.4125E-01    1.4959E+02    1.3555E+02    1.6175E+02    1.2994E+02    1.7179E+02
  1.5849E-01    1.0931E+02    9.8937E+01    1.1782E+02    9.4929E+01    1.2509E+02
  1.7783E-01    7.9726E+01    7.1889E+01    8.5630E+01    6.9078E+01    9.1295E+01
  1.9953E-01    5.7829E+01    5.1800E+01    6.1947E+01    4.9913E+01    6.6564E+01
  2.2387E-01    4.1657E+01    3.6934E+01    4.4853E+01    3.5784E+01    4.8362E+01
  2.5119E-01    2.9761E+01    2.6118E+01    3.2402E+01    2.5368E+01    3.4947E+01
  2.8184E-01    2.1014E+01    1.8299E+01    2.3296E+01    1.7707E+01    2.5010E+01
  3.1623E-01    1.4927E+01    1.2614E+01    1.6328E+01    1.2172E+01    1.7658E+01
  3.5481E-01    1.0379E+01    8.5416E+00    1.1323E+01    8.2789E+00    1.2317E+01
  3.9811E-01    7.1373E+00    5.7415E+00    7.7504E+00    5.5377E+00    8.5264E+00
  4.4668E-01    4.6867E+00    3.7398E+00    5.1533E+00    3.5246E+00    5.9675E+00
  5.0119E-01    2.9997E+00    2.3756E+00    3.4308E+00    2.1837E+00    4.1084E+00
  5.6234E-01    1.9362E+00    1.4919E+00    2.2695E+00    1.3366E+00    2.7999E+00
  6.3096E-01    1.2226E+00    9.1807E-01    1.4453E+00    8.0030E-01    1.8769E+00
  7.0795E-01    7.4582E-01    5.5243E-01    9.1867E-01    4.6784E-01    1.2328E+00
  7.9433E-01    4.4390E-01    3.2446E-01    5.7337E-01    2.6653E-01    7.9059E-01
  8.9125E-01    2.5788E-01    1.8610E-01    3.4417E-01    1.4811E-01    4.9408E-01
  1.0000E+00    1.4667E-01    1.0457E-01    2.0153E-01    8.0544E-02    3.0126E-01
  1.1220E+00    7.9490E-02    5.7405E-02    1.1479E-01    4.2742E-02    1.7878E-01
  1.2589E+00    4.0984E-02    3.0799E-02    6.2906E-02    2.2145E-02    1.0323E-01
  1.4125E+00    2.1134E-02    1.6096E-02    3.3625E-02    1.1216E-02    5.8089E-02
  1.5849E+00    1.0858E-02    8.1327E-03    1.7541E-02    5.5564E-03    3.1896E-02
  1.7783E+00    5.4615E-03    4.0214E-03    9.2281E-03    2.6949E-03    1.7124E-02
  1.9953E+00    2.6898E-03    1.9464E-03    4.8160E-03    1.2798E-03    8.9996E-03
  2.2387E+00    1.3216E-03    9.4678E-04    2.3964E-03    5.9571E-04    4.6399E-03
  2.5119E+00    6.4102E-04    4.4744E-04    1.1703E-03    2.7185E-04    2.3500E-03
  2.8184E+00    3.0553E-04    2.0658E-04    5.6146E-04    1.2171E-04    1.1707E-03
  3.1623E+00    1.4319E-04    9.1774E-05    2.6485E-04    5.3495E-05    5.7444E-04
  3.5481E+00    6.4688E-05    4.0015E-05    1.2288E-04    2.3090E-05    2.7782E-04
  3.9811E+00    2.8260E-05    1.7136E-05    5.6114E-05    9.7938E-06    1.3256E-04
  4.4668E+00    1.2130E-05    7.2123E-06    2.5246E-05    4.0848E-06    6.2473E-05
  5.0119E+00    5.2136E-06    2.9835E-06    1.1184E-05    1.6752E-06    2.9068E-05
  5.6234E+00    2.2699E-06    1.2121E-06    4.8653E-06    6.7505E-07    1.3306E-05
  6.3096E+00    9.7530E-07    4.8484E-07    2.0876E-06    2.6793E-07    6.0970E-06
  7.0795E+00    4.1385E-07    1.9167E-07    8.8505E-07    1.0174E-07    2.7930E-06
  7.9433E+00    1.7314E-07    7.4826E-08    3.6914E-07    3.6370E-08    1.2625E-06
  8.9125E+00    7.1476E-08    2.8756E-08    1.5160E-07    1.2762E-08    5.6345E-07
  1.0000E+01    2.9272E-08    1.0902E-08    6.2362E-08    4.4036E-09    2.4920E-07
  1.1220E+01    1.1611E-08    4.0507E-09    2.4525E-08    1.4854E-09    1.0818E-07
  1.2589E+01    4.4225E-09    1.4811E-09    9.3344E-09    4.9186E-10    4.6284E-08
  1.4125E+01    1.6812E-09    5.3507E-10    3.5898E-09    1.6043E-10    1.9666E-08
  1.5849E+01    6.3356E-10    1.9055E-10    1.3779E-09    5.1430E-11    8.2746E-09
  1.7783E+01    2.3008E-10    6.6819E-11    5.2183E-10    1.6190E-11    3.4415E-09
  1.9953E+01    8.1473E-11    2.3074E-11    1.9519E-10    5.0046E-12    1.4151E-09
  2.2387E+01    2.8440E-11    7.8455E-12    7.2092E-11    1.5190E-12    5.7522E-10
  2.5119E+01    9.7880E-12    2.6269E-12    2.6305E-11    4.5276E-13    2.3119E-10
  2.8184E+01    3.3212E-12    8.6611E-13    9.4785E-12    1.3252E-13    9.1872E-11
  3.1623E+01    1.1110E-12    2.8117E-13    3.3717E-12    3.8085E-14    3.6096E-11
  3.5481E+01    3.7882E-13    8.9880E-14    1.1840E-12    1.0748E-14    1.4023E-11
  3.9811E+01    1.2948E-13    2.8289E-14    4.1065E-13    2.9780E-15    5.3860E-12
  4.4668E+01    4.3680E-14    8.7658E-15    1.4064E-13    8.1015E-16    2.0454E-12
  5.0119E+01    1.4544E-14    2.6744E-15    4.7569E-14    2.1642E-16    7.6806E-13
  5.6234E+01    4.7793E-15    8.0337E-16    1.5899E-14    5.6765E-17    2.8517E-13
  6.3096E+01    1.5501E-15    2.3761E-16    5.2494E-15    1.4618E-17    1.0470E-13
  7.0795E+01    4.9619E-16    6.9800E-17    1.7135E-15    3.6967E-18    3.8006E-14
  7.9433E+01    1.5676E-16    2.0231E-17    5.5253E-16    9.1778E-19    1.3643E-14
  8.9125E+01    4.8875E-17    5.7774E-18    1.7637E-16    2.2377E-19    4.8426E-15
