# Differential number counts predicted by the model of Bethermin, Dole, Lagache, Le Borgne and Penin (2010, submitted to A&A)
# This file contains the prediction for IRAS 60 um
# column 1: S (in Jy)
# column 2: median dN/dS (gal/Jy/sr)
# column 3: 1-sigma inf dN/dS (gal/Jy/sr)
# column 4: 1-sigma sup dN/dS (gal/Jy/sr)
# column 5: 2-sigma inf dN/dS (gal/Jy/sr)
# column 6: 2-sigma sup dN/dS (gal/Jy/sr)
# WARNING: Due to the grid in redshift, there is an artficial deviation from the euclidian behavior at very high flux (S>1Jy). Use the model in this regime with caution.
# desc: flux@@float dnds_median@@float dnds_inf1@@float dnds_sup1@@float dnds_inf2@@float dnds_sup2@@float
  1.0000E-08    3.3444E+16    1.2968E+16    6.6966E+16    4.0778E+15    9.8089E+16
  1.1220E-08    2.9280E+16    1.1496E+16    5.8119E+16    3.6939E+15    8.4705E+16
  1.2589E-08    2.5635E+16    1.0191E+16    5.0441E+16    3.3462E+15    7.3147E+16
  1.4125E-08    2.2443E+16    9.0347E+15    4.3777E+16    3.0312E+15    6.3166E+16
  1.5849E-08    1.9649E+16    8.0094E+15    3.7994E+16    2.7458E+15    5.4547E+16
  1.7783E-08    1.7202E+16    7.1004E+15    3.2974E+16    2.4873E+15    4.7104E+16
  1.9953E-08    1.5060E+16    6.2944E+15    2.8618E+16    2.2531E+15    4.0676E+16
  2.2387E-08    1.3185E+16    5.5801E+15    2.4837E+16    2.0410E+15    3.5126E+16
  2.5119E-08    1.1544E+16    4.9468E+15    2.1556E+16    1.8489E+15    3.0333E+16
  2.8184E-08    1.0106E+16    4.3853E+15    1.8708E+16    1.6748E+15    2.6195E+16
  3.1623E-08    8.8494E+15    3.8875E+15    1.6238E+16    1.5171E+15    2.2623E+16
  3.5481E-08    7.7484E+15    3.4474E+15    1.4094E+16    1.3743E+15    1.9537E+16
  3.9811E-08    6.7842E+15    3.0565E+15    1.2233E+16    1.2454E+15    1.6872E+16
  4.4668E-08    5.9398E+15    2.7099E+15    1.0617E+16    1.1282E+15    1.4571E+16
  5.0119E-08    5.2006E+15    2.4025E+15    9.2151E+15    1.0220E+15    1.2583E+16
  5.6234E-08    4.5532E+15    2.1299E+15    7.9981E+15    9.2585E+14    1.0867E+16
  6.3096E-08    3.9864E+15    1.8882E+15    6.9417E+15    8.3869E+14    9.3842E+15
  7.0795E-08    3.4901E+15    1.6739E+15    6.0248E+15    7.5973E+14    8.1041E+15
  7.9433E-08    3.0557E+15    1.4840E+15    5.2290E+15    6.8821E+14    6.9984E+15
  8.9125E-08    2.6752E+15    1.3156E+15    4.5383E+15    6.2340E+14    6.0435E+15
  1.0000E-07    2.3422E+15    1.1663E+15    3.9388E+15    5.6469E+14    5.2190E+15
  1.1220E-07    2.0506E+15    1.0427E+15    3.4185E+15    5.1150E+14    4.5069E+15
  1.2589E-07    1.7953E+15    9.4082E+14    2.9669E+15    4.6331E+14    3.8919E+15
  1.4125E-07    1.5718E+15    8.4883E+14    2.5749E+15    4.1966E+14    3.3609E+15
  1.5849E-07    1.3761E+15    7.4945E+14    2.2347E+15    3.8012E+14    2.9023E+15
  1.7783E-07    1.2047E+15    6.6162E+14    1.9395E+15    3.4429E+14    2.5063E+15
  1.9953E-07    1.0547E+15    5.8409E+14    1.6833E+15    3.1184E+14    2.1643E+15
  2.2387E-07    9.2341E+14    5.1564E+14    1.4609E+15    2.8243E+14    1.8690E+15
  2.5119E-07    8.0844E+14    4.5521E+14    1.2679E+15    2.5579E+14    1.6140E+15
  2.8184E-07    7.0778E+14    4.0186E+14    1.1004E+15    2.3165E+14    1.3938E+15
  3.1623E-07    6.1965E+14    3.5477E+14    9.5499E+14    2.0978E+14    1.2036E+15
  3.5481E-07    5.4250E+14    3.1319E+14    8.2882E+14    1.8996E+14    1.0393E+15
  3.9811E-07    4.7495E+14    2.7649E+14    7.1932E+14    1.7200E+14    8.9753E+14
  4.4668E-07    4.1582E+14    2.4409E+14    6.2429E+14    1.5573E+14    7.7506E+14
  5.0119E-07    3.6404E+14    2.1591E+14    5.4181E+14    1.4098E+14    6.6930E+14
  5.6234E-07    3.1872E+14    1.9140E+14    4.7023E+14    1.2761E+14    5.7797E+14
  6.3096E-07    2.7903E+14    1.6967E+14    4.0810E+14    1.1462E+14    4.9911E+14
  7.0795E-07    2.4429E+14    1.5041E+14    3.5419E+14    1.0204E+14    4.3101E+14
  7.9433E-07    2.1388E+14    1.3334E+14    3.0740E+14    9.0839E+13    3.7221E+14
  8.9125E-07    1.8726E+14    1.1823E+14    2.6681E+14    8.0877E+13    3.2143E+14
  1.0000E-06    1.6396E+14    1.0483E+14    2.3158E+14    7.2014E+13    2.7759E+14
  1.1220E-06    1.4356E+14    9.2968E+13    2.0102E+14    6.4130E+13    2.3973E+14
  1.2589E-06    1.2567E+14    8.2459E+13    1.7450E+14    5.7116E+13    2.0704E+14
  1.4125E-06    1.0974E+14    7.3151E+13    1.5149E+14    5.0875E+13    1.7882E+14
  1.5849E-06    9.5842E+13    6.4908E+13    1.3152E+14    4.5324E+13    1.5445E+14
  1.7783E-06    8.3713E+13    5.7610E+13    1.1420E+14    4.0386E+13    1.3341E+14
  1.9953E-06    7.3956E+13    5.1150E+13    9.9168E+13    3.5994E+13    1.1525E+14
  2.2387E-06    6.4791E+13    4.5435E+13    8.6131E+13    3.2089E+13    9.9786E+13
  2.5119E-06    5.6772E+13    4.0379E+13    7.4822E+13    2.8616E+13    8.6616E+13
  2.8184E-06    4.9697E+13    3.5906E+13    6.5010E+13    2.5526E+13    7.5191E+13
  3.1623E-06    4.3509E+13    3.1944E+13    5.6496E+13    2.2775E+13    6.5279E+13
  3.5481E-06    3.8100E+13    2.8433E+13    4.9106E+13    2.0325E+13    5.6681E+13
  3.9811E-06    3.3414E+13    2.5322E+13    4.2691E+13    1.8144E+13    4.9224E+13
  4.4668E-06    2.9420E+13    2.2564E+13    3.7121E+13    1.6200E+13    4.2760E+13
  5.0119E-06    2.5814E+13    2.0114E+13    3.2284E+13    1.4467E+13    3.7155E+13
  5.6234E-06    2.2654E+13    1.7935E+13    2.8080E+13    1.2920E+13    3.2296E+13
  6.3096E-06    1.9894E+13    1.5991E+13    2.4425E+13    1.1537E+13    2.8081E+13
  7.0795E-06    1.7577E+13    1.4253E+13    2.1243E+13    1.0299E+13    2.4424E+13
  7.9433E-06    1.5512E+13    1.2695E+13    1.8473E+13    9.1916E+12    2.1245E+13
  8.9125E-06    1.3671E+13    1.1297E+13    1.6059E+13    8.1986E+12    1.8480E+13
  1.0000E-05    1.2029E+13    1.0039E+13    1.3955E+13    7.3083E+12    1.6068E+13
  1.1220E-05    1.0420E+13    8.9071E+12    1.2129E+13    6.5097E+12    1.3963E+13
  1.2589E-05    9.0411E+12    7.8886E+12    1.0544E+13    5.7934E+12    1.2122E+13
  1.4125E-05    7.9129E+12    6.9374E+12    9.1605E+12    5.1511E+12    1.0512E+13
  1.5849E-05    6.9202E+12    6.0794E+12    7.9530E+12    4.5754E+12    9.1037E+12
  1.7783E-05    6.0472E+12    5.3222E+12    6.8997E+12    4.0597E+12    7.8736E+12
  1.9953E-05    5.2799E+12    4.6544E+12    5.9813E+12    3.5982E+12    6.8009E+12
  2.2387E-05    4.6062E+12    4.0011E+12    5.1810E+12    3.1857E+12    5.8673E+12
  2.5119E-05    4.0152E+12    3.4196E+12    4.4842E+12    2.8173E+12    5.0565E+12
  2.8184E-05    3.4884E+12    2.9286E+12    3.8778E+12    2.4887E+12    4.3537E+12
  3.1623E-05    3.0158E+12    2.5138E+12    3.3506E+12    2.1960E+12    3.7457E+12
  3.5481E-05    2.6020E+12    2.1630E+12    2.8925E+12    1.9357E+12    3.2207E+12
  3.9811E-05    2.2428E+12    1.8656E+12    2.4949E+12    1.7045E+12    2.7679E+12
  4.4668E-05    1.9317E+12    1.6154E+12    2.1501E+12    1.4994E+12    2.3780E+12
  5.0119E-05    1.6688E+12    1.4113E+12    1.8458E+12    1.3177E+12    2.0423E+12
  5.6234E-05    1.4451E+12    1.2321E+12    1.5820E+12    1.1561E+12    1.7537E+12
  6.3096E-05    1.2455E+12    1.0748E+12    1.3657E+12    1.0123E+12    1.5055E+12
  7.0795E-05    1.0769E+12    9.3695E+11    1.1753E+12    8.8738E+11    1.2922E+12
  7.9433E-05    9.3058E+11    8.1609E+11    1.0083E+12    7.7852E+11    1.1088E+12
  8.9125E-05    8.0361E+11    7.1019E+11    8.6421E+11    6.8135E+11    9.5111E+11
  1.0000E-04    6.9348E+11    6.1743E+11    7.4002E+11    5.9538E+11    8.1551E+11
  1.1220E-04    5.9799E+11    5.3620E+11    6.3306E+11    5.1965E+11    6.9886E+11
  1.2589E-04    5.1521E+11    4.6507E+11    5.4247E+11    4.5296E+11    5.9846E+11
  1.4125E-04    4.4345E+11    4.0481E+11    4.6722E+11    3.9424E+11    5.1201E+11
  1.5849E-04    3.8126E+11    3.5423E+11    4.0189E+11    3.4256E+11    4.3755E+11
  1.7783E-04    3.2695E+11    3.0663E+11    3.4517E+11    2.9709E+11    3.7341E+11
  1.9953E-04    2.7788E+11    2.6349E+11    2.9596E+11    2.5712E+11    3.1815E+11
  2.2387E-04    2.3585E+11    2.2573E+11    2.5143E+11    2.2200E+11    2.7056E+11
  2.5119E-04    2.0308E+11    1.9304E+11    2.1308E+11    1.9095E+11    2.2960E+11
  2.8184E-04    1.7364E+11    1.6430E+11    1.8025E+11    1.6333E+11    1.9438E+11
  3.1623E-04    1.4664E+11    1.4029E+11    1.5218E+11    1.3926E+11    1.6414E+11
  3.5481E-04    1.2449E+11    1.1918E+11    1.2932E+11    1.1780E+11    1.3821E+11
  3.9811E-04    1.0589E+11    1.0098E+11    1.1036E+11    9.9441E+10    1.1604E+11
  4.4668E-04    8.9700E+10    8.4989E+10    9.3766E+10    8.3752E+10    9.7128E+10
  5.0119E-04    7.5567E+10    7.1745E+10    7.9194E+10    7.0373E+10    8.1039E+10
  5.6234E-04    6.3041E+10    6.0344E+10    6.6221E+10    5.8987E+10    6.7399E+10
  6.3096E-04    5.2482E+10    5.0406E+10    5.5172E+10    4.9068E+10    5.5943E+10
  7.0795E-04    4.3879E+10    4.1956E+10    4.5794E+10    4.0663E+10    4.6652E+10
  7.9433E-04    3.6559E+10    3.4804E+10    3.7867E+10    3.3591E+10    3.8720E+10
  8.9125E-04    3.0321E+10    2.8760E+10    3.1193E+10    2.7658E+10    3.1986E+10
  1.0000E-03    2.4926E+10    2.3673E+10    2.5596E+10    2.2698E+10    2.6302E+10
  1.1220E-03    2.0402E+10    1.9407E+10    2.0923E+10    1.8565E+10    2.1529E+10
  1.2589E-03    1.6662E+10    1.5851E+10    1.7056E+10    1.5131E+10    1.7544E+10
  1.4125E-03    1.3612E+10    1.2923E+10    1.3907E+10    1.2289E+10    1.4233E+10
  1.5849E-03    1.1018E+10    1.0474E+10    1.1310E+10    9.9442E+09    1.1538E+10
  1.7783E-03    8.8797E+09    8.4545E+09    9.1731E+09    8.0165E+09    9.3235E+09
  1.9953E-03    7.1240E+09    6.7960E+09    7.4053E+09    6.4371E+09    7.5070E+09
  2.2387E-03    5.7338E+09    5.4397E+09    5.9111E+09    5.1479E+09    6.0471E+09
  2.5119E-03    4.5784E+09    4.3354E+09    4.7357E+09    4.0994E+09    4.8561E+09
  2.8184E-03    3.6266E+09    3.4402E+09    3.7787E+09    3.2501E+09    3.8827E+09
  3.1623E-03    2.8605E+09    2.7178E+09    3.0086E+09    2.5651E+09    3.0905E+09
  3.5481E-03    2.2466E+09    2.1331E+09    2.3806E+09    2.0150E+09    2.4486E+09
  3.9811E-03    1.7567E+09    1.6608E+09    1.8712E+09    1.5753E+09    1.9309E+09
  4.4668E-03    1.3676E+09    1.2863E+09    1.4641E+09    1.2256E+09    1.5154E+09
  5.0119E-03    1.0600E+09    9.9129E+08    1.1403E+09    9.4904E+08    1.1836E+09
  5.6234E-03    8.1804E+08    7.6024E+08    8.8424E+08    7.3136E+08    9.2002E+08
  6.3096E-03    6.2857E+08    5.8037E+08    6.8485E+08    5.6101E+08    7.1176E+08
  7.0795E-03    4.8097E+08    4.4166E+08    5.2985E+08    4.2842E+08    5.4809E+08
  7.9433E-03    3.6653E+08    3.3673E+08    4.0829E+08    3.2577E+08    4.2203E+08
  8.9125E-03    2.7824E+08    2.5584E+08    3.1210E+08    2.4673E+08    3.2432E+08
  1.0000E-02    2.1045E+08    1.9375E+08    2.3745E+08    1.8618E+08    2.4832E+08
  1.1220E-02    1.5863E+08    1.4629E+08    1.7998E+08    1.4002E+08    1.8945E+08
  1.2589E-02    1.1919E+08    1.1015E+08    1.3594E+08    1.0499E+08    1.4405E+08
  1.4125E-02    8.9301E+07    8.2726E+07    1.0232E+08    7.8517E+07    1.0918E+08
  1.5849E-02    6.6734E+07    6.1888E+07    7.6779E+07    5.8586E+07    8.2494E+07
  1.7783E-02    4.9756E+07    4.6105E+07    5.7443E+07    4.3633E+07    6.2156E+07
  1.9953E-02    3.7023E+07    3.4235E+07    4.2860E+07    3.2446E+07    4.6709E+07
  2.2387E-02    2.7502E+07    2.5388E+07    3.1901E+07    2.4098E+07    3.5016E+07
  2.5119E-02    2.0400E+07    1.8810E+07    2.3692E+07    1.7881E+07    2.6191E+07
  2.8184E-02    1.5115E+07    1.3926E+07    1.7560E+07    1.3260E+07    1.9551E+07
  3.1623E-02    1.1188E+07    1.0305E+07    1.2993E+07    9.8267E+06    1.4567E+07
  3.5481E-02    8.2759E+06    7.6230E+06    9.5996E+06    7.2758E+06    1.0836E+07
  3.9811E-02    6.1185E+06    5.6382E+06    7.0834E+06    5.3861E+06    8.0493E+06
  4.4668E-02    4.5219E+06    4.1698E+06    5.2212E+06    3.9870E+06    5.9714E+06
  5.0119E-02    3.3413E+06    3.0840E+06    3.8454E+06    2.9512E+06    4.4250E+06
  5.6234E-02    2.4689E+06    2.2813E+06    2.8303E+06    2.1847E+06    3.2760E+06
  6.3096E-02    1.8248E+06    1.6878E+06    2.0832E+06    1.6173E+06    2.4234E+06
  7.0795E-02    1.3479E+06    1.2489E+06    1.5367E+06    1.1975E+06    1.7916E+06
  7.9433E-02    9.9620E+05    9.2443E+05    1.1333E+06    8.8680E+05    1.3237E+06
  8.9125E-02    7.3643E+05    6.8442E+05    8.3386E+05    6.5682E+05    9.7764E+05
  1.0000E-01    5.4453E+05    5.0687E+05    6.1345E+05    4.8658E+05    7.2183E+05
  1.1220E-01    4.0275E+05    3.7575E+05    4.5141E+05    3.6053E+05    5.3283E+05
  1.2589E-01    2.9798E+05    2.7827E+05    3.3228E+05    2.6723E+05    3.9327E+05
  1.4125E-01    2.2055E+05    2.0625E+05    2.4471E+05    1.9812E+05    2.9025E+05
  1.5849E-01    1.6328E+05    1.5293E+05    1.8029E+05    1.4691E+05    2.1423E+05
  1.7783E-01    1.2093E+05    1.1342E+05    1.3289E+05    1.0898E+05    1.5813E+05
  1.9953E-01    8.9598E+04    8.4158E+04    9.8007E+04    8.0871E+04    1.1673E+05
  2.2387E-01    6.6406E+04    6.2462E+04    7.2323E+04    6.0025E+04    8.6196E+04
  2.5119E-01    4.9235E+04    4.6371E+04    5.3395E+04    4.4570E+04    6.3661E+04
  2.8184E-01    3.6519E+04    3.4441E+04    3.9447E+04    3.3108E+04    4.7032E+04
  3.1623E-01    2.7098E+04    2.5589E+04    2.9160E+04    2.4601E+04    3.4758E+04
  3.5481E-01    2.0114E+04    1.9018E+04    2.1568E+04    1.8285E+04    2.5696E+04
  3.9811E-01    1.4931E+04    1.4138E+04    1.5961E+04    1.3594E+04    1.9004E+04
  4.4668E-01    1.1086E+04    1.0513E+04    1.1818E+04    1.0112E+04    1.4060E+04
  5.0119E-01    8.2354E+03    7.8218E+03    8.7567E+03    7.5241E+03    1.0406E+04
  5.6234E-01    6.1202E+03    5.8211E+03    6.4917E+03    5.6009E+03    7.7057E+03
  6.3096E-01    4.5499E+03    4.3339E+03    4.8156E+03    4.1701E+03    5.7086E+03
  7.0795E-01    3.3832E+03    3.2269E+03    3.5737E+03    3.1054E+03    4.2309E+03
  7.9433E-01    2.5170E+03    2.4034E+03    2.6532E+03    2.3137E+03    3.1371E+03
  8.9125E-01    1.8732E+03    1.7909E+03    1.9728E+03    1.7242E+03    2.3272E+03
  1.0000E+00    1.3954E+03    1.3347E+03    1.4689E+03    1.2854E+03    1.7270E+03
  1.1220E+00    1.0410E+03    9.9526E+02    1.0943E+03    9.5865E+02    1.2822E+03
  1.2589E+00    7.7632E+02    7.4233E+02    8.1547E+02    7.1519E+02    9.5241E+02
  1.4125E+00    5.7865E+02    5.5383E+02    6.0789E+02    5.3358E+02    7.0773E+02
  1.5849E+00    4.3137E+02    4.1316E+02    4.5319E+02    3.9808E+02    5.2613E+02
  1.7783E+00    3.2168E+02    3.0825E+02    3.3796E+02    2.9711E+02    3.9126E+02
  1.9953E+00    2.3995E+02    2.3011E+02    2.5216E+02    2.2180E+02    2.9110E+02
  2.2387E+00    1.7902E+02    1.7179E+02    1.8819E+02    1.6562E+02    2.1663E+02
  2.5119E+00    1.3361E+02    1.2826E+02    1.4052E+02    1.2371E+02    1.6129E+02
  2.8184E+00    9.9733E+01    9.5767E+01    1.0497E+02    9.2437E+01    1.2011E+02
  3.1623E+00    7.4458E+01    7.1511E+01    7.8440E+01    6.9076E+01    8.9483E+01
  3.5481E+00    5.5626E+01    5.3425E+01    5.8638E+01    5.1638E+01    6.6678E+01
  3.9811E+00    4.1556E+01    3.9918E+01    4.3856E+01    3.8610E+01    4.9702E+01
  4.4668E+00    3.1053E+01    2.9844E+01    3.2812E+01    2.8885E+01    3.7055E+01
  5.0119E+00    2.3211E+01    2.2317E+01    2.4561E+01    2.1617E+01    2.7632E+01
  5.6234E+00    1.7349E+01    1.6687E+01    1.8385E+01    1.6176E+01    2.0608E+01
  6.3096E+00    1.2964E+01    1.2471E+01    1.3756E+01    1.2099E+01    1.5369E+01
  7.0795E+00    9.6830E+00    9.3183E+00    1.0286E+01    9.0467E+00    1.1460E+01
  7.9433E+00    7.2299E+00    6.9610E+00    7.6880E+00    6.7645E+00    8.5421E+00
  8.9125E+00    5.3937E+00    5.1935E+00    5.7408E+00    5.0531E+00    6.3648E+00
  1.0000E+01    4.0193E+00    3.8712E+00    4.2803E+00    3.7712E+00    4.7381E+00
  1.1220E+01    2.9905E+00    2.8789E+00    3.1861E+00    2.8089E+00    3.5242E+00
  1.2589E+01    2.2195E+00    2.1328E+00    2.3651E+00    2.0857E+00    2.6173E+00
  1.4125E+01    1.6423E+00    1.5766E+00    1.7500E+00    1.5430E+00    1.9404E+00
  1.5849E+01    1.2107E+00    1.1640E+00    1.2902E+00    1.1363E+00    1.4354E+00
  1.7783E+01    8.8835E-01    8.5689E-01    9.4720E-01    8.3259E-01    1.0591E+00
  1.9953E+01    6.4840E-01    6.2453E-01    6.9236E-01    6.0662E-01    7.7931E-01
  2.2387E+01    4.6963E-01    4.5178E-01    5.0362E-01    4.3946E-01    5.7155E-01
  2.5119E+01    3.3834E-01    3.2544E-01    3.6459E-01    3.1658E-01    4.1772E-01
  2.8184E+01    2.4272E-01    2.3292E-01    2.6263E-01    2.2683E-01    3.0407E-01
  3.1623E+01    1.7335E-01    1.6589E-01    1.8829E-01    1.6185E-01    2.2034E-01
  3.5481E+01    1.2318E-01    1.1741E-01    1.3444E-01    1.1513E-01    1.5887E-01
  3.9811E+01    8.7409E-02    8.2517E-02    9.5645E-02    8.1764E-02    1.1392E-01
  4.4668E+01    6.1973E-02    5.8669E-02    6.7865E-02    5.7819E-02    8.1209E-02
  5.0119E+01    4.3936E-02    4.1765E-02    4.8058E-02    4.0636E-02    5.7541E-02
  5.6234E+01    3.1199E-02    2.9771E-02    3.3988E-02    2.8643E-02    4.0542E-02
  6.3096E+01    2.2189E-02    2.1264E-02    2.4029E-02    2.0293E-02    2.8428E-02
  7.0795E+01    1.5828E-02    1.5203E-02    1.6995E-02    1.4473E-02    1.9878E-02
  7.9433E+01    1.1292E-02    1.0881E-02    1.2033E-02    1.0368E-02    1.3902E-02
  8.9125E+01    8.0504E-03    7.7731E-03    8.5243E-03    7.4403E-03    9.7572E-03
