# Differential number counts predicted by the model of Bethermin, Dole, Lagache, Le Borgne and Penin (2010, submitted to A&A)
# This file contains the prediction for Planck HFI 857 Ghz
# column 1: S (in Jy)
# column 2: median dN/dS (gal/Jy/sr)
# column 3: 1-sigma inf dN/dS (gal/Jy/sr)
# column 4: 1-sigma sup dN/dS (gal/Jy/sr)
# column 5: 2-sigma inf dN/dS (gal/Jy/sr)
# column 6: 2-sigma sup dN/dS (gal/Jy/sr)
# WARNING: Due to the grid in redshift, there is an artficial deviation from the euclidian behavior at very high flux (S>1Jy). Use the model in this regime with caution.
# desc: flux@@float dnds_median@@float dnds_inf1@@float dnds_sup1@@float dnds_inf2@@float dnds_sup2@@float
  1.0000E-08    4.7083E+16    1.4353E+16    1.0926E+17    3.0352E+15    1.8173E+17
  1.1220E-08    4.1200E+16    1.2724E+16    9.4828E+16    2.7495E+15    1.5693E+17
  1.2589E-08    3.6052E+16    1.1280E+16    8.2300E+16    2.4906E+15    1.3552E+17
  1.4125E-08    3.1546E+16    9.9998E+15    7.1426E+16    2.2561E+15    1.1703E+17
  1.5849E-08    2.7605E+16    8.8649E+15    6.1990E+16    2.0437E+15    1.0106E+17
  1.7783E-08    2.4155E+16    7.8588E+15    5.3800E+16    1.8513E+15    8.7270E+16
  1.9953E-08    2.1137E+16    6.9668E+15    4.6692E+16    1.6770E+15    7.5361E+16
  2.2387E-08    1.8498E+16    6.1775E+15    4.0528E+16    1.5195E+15    6.5085E+16
  2.5119E-08    1.6189E+16    5.4775E+15    3.5178E+16    1.3767E+15    5.6209E+16
  2.8184E-08    1.4167E+16    4.8565E+15    3.0533E+16    1.2472E+15    4.8543E+16
  3.1623E-08    1.2398E+16    4.3058E+15    2.6501E+16    1.1299E+15    4.1921E+16
  3.5481E-08    1.0849E+16    3.8175E+15    2.3001E+16    1.0236E+15    3.6203E+16
  3.9811E-08    9.4939E+15    3.3844E+15    1.9963E+16    9.2730E+14    3.1264E+16
  4.4668E-08    8.3078E+15    3.0004E+15    1.7326E+16    8.4002E+14    2.6999E+16
  5.0119E-08    7.2699E+15    2.6600E+15    1.5038E+16    7.6096E+14    2.3315E+16
  5.6234E-08    6.3617E+15    2.3582E+15    1.3052E+16    6.8934E+14    2.0135E+16
  6.3096E-08    5.5669E+15    2.0906E+15    1.1327E+16    6.2445E+14    1.7387E+16
  7.0795E-08    4.8713E+15    1.8533E+15    9.8310E+15    5.6566E+14    1.5015E+16
  7.9433E-08    4.2627E+15    1.6430E+15    8.5323E+15    5.1241E+14    1.2966E+16
  8.9125E-08    3.7305E+15    1.4565E+15    7.4051E+15    4.6417E+14    1.1197E+16
  1.0000E-07    3.2661E+15    1.2912E+15    6.4268E+15    4.2047E+14    9.6694E+15
  1.1220E-07    2.8594E+15    1.1447E+15    5.5778E+15    3.8088E+14    8.3500E+15
  1.2589E-07    2.5034E+15    1.0147E+15    4.8409E+15    3.4502E+14    7.2107E+15
  1.4125E-07    2.1917E+15    8.9956E+14    4.2014E+15    3.1254E+14    6.2268E+15
  1.5849E-07    1.9189E+15    7.9746E+14    3.6463E+15    2.8311E+14    5.3772E+15
  1.7783E-07    1.6799E+15    7.0694E+14    3.1646E+15    2.5646E+14    4.6435E+15
  1.9953E-07    1.4708E+15    6.2670E+14    2.7465E+15    2.3231E+14    4.0098E+15
  2.2387E-07    1.2877E+15    5.5556E+14    2.3836E+15    2.1043E+14    3.4627E+15
  2.5119E-07    1.1273E+15    4.9250E+14    2.0687E+15    1.9062E+14    2.9902E+15
  2.8184E-07    9.8697E+14    4.3660E+14    1.7954E+15    1.7267E+14    2.5822E+15
  3.1623E-07    8.6408E+14    3.8704E+14    1.5582E+15    1.5641E+14    2.2298E+15
  3.5481E-07    7.5650E+14    3.4311E+14    1.3523E+15    1.4168E+14    1.9256E+15
  3.9811E-07    6.6230E+14    3.0416E+14    1.1737E+15    1.2834E+14    1.6628E+15
  4.4668E-07    5.7984E+14    2.6964E+14    1.0186E+15    1.1626E+14    1.4359E+15
  5.0119E-07    5.0764E+14    2.3903E+14    8.8402E+14    1.0531E+14    1.2400E+15
  5.6234E-07    4.4444E+14    2.1190E+14    7.6723E+14    9.5389E+13    1.0708E+15
  6.3096E-07    3.8910E+14    1.8785E+14    6.6586E+14    8.6405E+13    9.2468E+14
  7.0795E-07    3.4065E+14    1.6653E+14    5.7789E+14    7.8265E+13    7.9851E+14
  7.9433E-07    2.9823E+14    1.4762E+14    5.0154E+14    7.0892E+13    6.8955E+14
  8.9125E-07    2.6110E+14    1.3134E+14    4.3528E+14    6.4213E+13    5.9546E+14
  1.0000E-06    2.2859E+14    1.1848E+14    3.7777E+14    5.8161E+13    5.1421E+14
  1.1220E-06    2.0013E+14    1.0688E+14    3.2786E+14    5.2679E+13    4.4404E+14
  1.2589E-06    1.7521E+14    9.6142E+13    2.8454E+14    4.7712E+13    3.8345E+14
  1.4125E-06    1.5339E+14    8.4874E+13    2.4695E+14    4.3211E+13    3.3113E+14
  1.5849E-06    1.3429E+14    7.4927E+13    2.1432E+14    3.9133E+13    2.8594E+14
  1.7783E-06    1.1757E+14    6.6145E+13    1.8600E+14    3.5437E+13    2.4693E+14
  1.9953E-06    1.0293E+14    5.8393E+13    1.6143E+14    3.2088E+13    2.1323E+14
  2.2387E-06    9.0117E+13    5.1549E+13    1.4010E+14    2.9053E+13    1.8414E+14
  2.5119E-06    7.8896E+13    4.5508E+13    1.2159E+14    2.6302E+13    1.5901E+14
  2.8184E-06    6.9072E+13    4.0174E+13    1.0552E+14    2.3807E+13    1.3731E+14
  3.1623E-06    6.0470E+13    3.5465E+13    9.1578E+13    2.1544E+13    1.1857E+14
  3.5481E-06    5.2940E+13    3.1308E+13    7.9476E+13    1.9491E+13    1.0239E+14
  3.9811E-06    4.6347E+13    2.7638E+13    6.9040E+13    1.7629E+13    8.8420E+13
  4.4668E-06    4.0574E+13    2.4398E+13    6.0011E+13    1.5939E+13    7.6353E+13
  5.0119E-06    3.5520E+13    2.1537E+13    5.2163E+13    1.4405E+13    6.5933E+13
  5.6234E-06    3.1095E+13    1.9012E+13    4.5339E+13    1.2844E+13    5.6934E+13
  6.3096E-06    2.7221E+13    1.6846E+13    3.9408E+13    1.1430E+13    4.9163E+13
  7.0795E-06    2.3829E+13    1.4926E+13    3.4252E+13    1.0171E+13    4.2452E+13
  7.9433E-06    2.0859E+13    1.3224E+13    2.9769E+13    9.0509E+12    3.6657E+13
  8.9125E-06    1.8259E+13    1.1714E+13    2.5873E+13    8.0532E+12    3.1652E+13
  1.0000E-05    1.5982E+13    1.0375E+13    2.2485E+13    7.1649E+12    2.7330E+13
  1.1220E-05    1.3989E+13    9.1876E+12    1.9540E+13    6.3740E+12    2.3597E+13
  1.2589E-05    1.2243E+13    8.1344E+12    1.6981E+13    5.6699E+12    2.0374E+13
  1.4125E-05    1.0715E+13    7.2004E+12    1.4755E+13    5.0431E+12    1.7590E+13
  1.5849E-05    9.3763E+12    6.3721E+12    1.2821E+13    4.4850E+12    1.5187E+13
  1.7783E-05    8.1804E+12    5.6376E+12    1.1139E+13    3.9883E+12    1.3110E+13
  1.9953E-05    7.1357E+12    4.9865E+12    9.6778E+12    3.5462E+12    1.1318E+13
  2.2387E-05    6.2241E+12    4.4094E+12    8.4074E+12    3.1528E+12    9.7693E+12
  2.5119E-05    5.4287E+12    3.8982E+12    7.3033E+12    2.8028E+12    8.4324E+12
  2.8184E-05    4.7347E+12    3.4454E+12    6.3439E+12    2.4915E+12    7.2779E+12
  3.1623E-05    4.1292E+12    3.0445E+12    5.5101E+12    2.2145E+12    6.2811E+12
  3.5481E-05    3.6010E+12    2.6896E+12    4.7856E+12    1.9682E+12    5.4204E+12
  3.9811E-05    3.1403E+12    2.3756E+12    4.1561E+12    1.7493E+12    4.6938E+12
  4.4668E-05    2.7385E+12    2.0980E+12    3.6093E+12    1.5546E+12    4.0665E+12
  5.0119E-05    2.3882E+12    1.8527E+12    3.1344E+12    1.3817E+12    3.5223E+12
  5.6234E-05    2.0877E+12    1.6361E+12    2.7220E+12    1.2280E+12    3.0503E+12
  6.3096E-05    1.8287E+12    1.4448E+12    2.3638E+12    1.0915E+12    2.6411E+12
  7.0795E-05    1.6043E+12    1.2761E+12    2.0529E+12    9.7034E+11    2.2864E+12
  7.9433E-05    1.4078E+12    1.1272E+12    1.7830E+12    8.6273E+11    1.9792E+12
  8.9125E-05    1.2357E+12    9.9599E+11    1.5487E+12    7.6719E+11    1.7132E+12
  1.0000E-04    1.0850E+12    8.8027E+11    1.3453E+12    6.8238E+11    1.4829E+12
  1.1220E-04    9.5260E+11    7.7827E+11    1.1689E+12    6.0710E+11    1.2836E+12
  1.2589E-04    8.3244E+11    6.8835E+11    1.0157E+12    5.4029E+11    1.1112E+12
  1.4125E-04    7.2759E+11    6.0907E+11    8.8288E+11    4.8097E+11    9.6208E+11
  1.5849E-04    6.4016E+11    5.3916E+11    7.6758E+11    4.2831E+11    8.3305E+11
  1.7783E-04    5.6323E+11    4.7751E+11    6.6754E+11    3.8156E+11    7.2142E+11
  1.9953E-04    4.9317E+11    4.2310E+11    5.8073E+11    3.4005E+11    6.2484E+11
  2.2387E-04    4.3197E+11    3.7509E+11    5.0540E+11    3.0318E+11    5.4127E+11
  2.5119E-04    3.7848E+11    3.3269E+11    4.4003E+11    2.7042E+11    4.6894E+11
  2.8184E-04    3.3174E+11    2.9524E+11    3.8241E+11    2.4132E+11    4.0634E+11
  3.1623E-04    2.9089E+11    2.6213E+11    3.3104E+11    2.1546E+11    3.5215E+11
  3.5481E-04    2.5518E+11    2.3285E+11    2.8668E+11    1.9246E+11    3.0524E+11
  3.9811E-04    2.2396E+11    2.0693E+11    2.4821E+11    1.7200E+11    2.6463E+11
  4.4668E-04    1.9665E+11    1.8272E+11    2.1494E+11    1.5377E+11    2.2946E+11
  5.0119E-04    1.7245E+11    1.6114E+11    1.8623E+11    1.3752E+11    1.9901E+11
  5.6234E-04    1.5080E+11    1.4216E+11    1.6211E+11    1.2301E+11    1.7264E+11
  6.3096E-04    1.3207E+11    1.2547E+11    1.4227E+11    1.1003E+11    1.4980E+11
  7.0795E-04    1.1694E+11    1.1075E+11    1.2545E+11    9.8382E+10    1.3001E+11
  7.9433E-04    1.0323E+11    9.7603E+10    1.1054E+11    8.7905E+10    1.1322E+11
  8.9125E-04    9.0927E+10    8.5827E+10    9.7307E+10    7.8451E+10    9.9001E+10
  1.0000E-03    7.9793E+10    7.5413E+10    8.5144E+10    6.9893E+10    8.6526E+10
  1.1220E-03    7.0077E+10    6.6383E+10    7.3973E+10    6.2122E+10    7.5754E+10
  1.2589E-03    6.1322E+10    5.8900E+10    6.4271E+10    5.5047E+10    6.6227E+10
  1.4125E-03    5.3357E+10    5.1725E+10    5.6041E+10    4.8594E+10    5.7694E+10
  1.5849E-03    4.6330E+10    4.5063E+10    4.8883E+10    4.2701E+10    5.0047E+10
  1.7783E-03    4.0355E+10    3.8933E+10    4.2590E+10    3.7315E+10    4.3195E+10
  1.9953E-03    3.4938E+10    3.3548E+10    3.6931E+10    3.2397E+10    3.7126E+10
  2.2387E-03    3.0118E+10    2.9076E+10    3.1588E+10    2.7920E+10    3.1884E+10
  2.5119E-03    2.5818E+10    2.5007E+10    2.6966E+10    2.3861E+10    2.7280E+10
  2.8184E-03    2.2021E+10    2.1102E+10    2.2936E+10    2.0207E+10    2.3137E+10
  3.1623E-03    1.8557E+10    1.7659E+10    1.9244E+10    1.6942E+10    1.9521E+10
  3.5481E-03    1.5365E+10    1.4642E+10    1.6055E+10    1.4054E+10    1.6395E+10
  3.9811E-03    1.2557E+10    1.2094E+10    1.3269E+10    1.1529E+10    1.3626E+10
  4.4668E-03    1.0212E+10    9.8083E+09    1.0773E+10    9.3479E+09    1.1190E+10
  5.0119E-03    8.2021E+09    7.8628E+09    8.6370E+09    7.4890E+09    9.0724E+09
  5.6234E-03    6.5027E+09    6.2281E+09    6.8758E+09    5.9268E+09    7.2563E+09
  6.3096E-03    5.0868E+09    4.8792E+09    5.4208E+09    4.6326E+09    5.7224E+09
  7.0795E-03    3.9591E+09    3.7619E+09    4.2144E+09    3.5761E+09    4.4484E+09
  7.9433E-03    3.0497E+09    2.8491E+09    3.2302E+09    2.7261E+09    3.4083E+09
  8.9125E-03    2.2956E+09    2.1566E+09    2.4403E+09    2.0523E+09    2.5740E+09
  1.0000E-02    1.7048E+09    1.6070E+09    1.8156E+09    1.5259E+09    1.9231E+09
  1.1220E-02    1.2491E+09    1.1789E+09    1.3292E+09    1.1205E+09    1.4212E+09
  1.2589E-02    9.0083E+08    8.5056E+08    9.5945E+08    8.1274E+08    1.0361E+09
  1.4125E-02    6.4030E+08    6.0174E+08    6.8527E+08    5.8236E+08    7.4528E+08
  1.5849E-02    4.4863E+08    4.1977E+08    4.8352E+08    4.0985E+08    5.2904E+08
  1.7783E-02    3.1091E+08    2.8884E+08    3.3859E+08    2.8342E+08    3.7070E+08
  1.9953E-02    2.1298E+08    1.9939E+08    2.3362E+08    1.9350E+08    2.5651E+08
  2.2387E-02    1.4408E+08    1.3621E+08    1.5930E+08    1.3046E+08    1.7535E+08
  2.5119E-02    9.6830E+07    9.0429E+07    1.0738E+08    8.6894E+07    1.1849E+08
  2.8184E-02    6.4355E+07    5.9347E+07    7.1609E+07    5.7142E+07    7.9195E+07
  3.1623E-02    4.2179E+07    3.8541E+07    4.7273E+07    3.7109E+07    5.2393E+07
  3.5481E-02    2.7265E+07    2.4798E+07    3.0919E+07    2.3907E+07    3.4342E+07
  3.9811E-02    1.7626E+07    1.5835E+07    2.0059E+07    1.5307E+07    2.2328E+07
  4.4668E-02    1.1318E+07    1.0080E+07    1.2923E+07    9.7475E+06    1.4418E+07
  5.0119E-02    7.1497E+06    6.3910E+06    8.2787E+06    6.1572E+06    9.2600E+06
  5.6234E-02    4.5343E+06    4.0374E+06    5.2820E+06    3.8785E+06    5.9244E+06
  6.3096E-02    2.8657E+06    2.5478E+06    3.3506E+06    2.4431E+06    3.7829E+06
  7.0795E-02    1.8073E+06    1.6306E+06    2.1255E+06    1.5436E+06    2.4211E+06
  7.9433E-02    1.1482E+06    1.0402E+06    1.3533E+06    9.8126E+05    1.5641E+06
  8.9125E-02    7.4257E+05    6.7444E+05    8.6744E+05    6.2951E+05    1.0145E+06
  1.0000E-01    4.8768E+05    4.3887E+05    5.6138E+05    4.0864E+05    6.6191E+05
  1.1220E-01    3.2263E+05    2.8691E+05    3.6762E+05    2.6888E+05    4.3509E+05
  1.2589E-01    2.1502E+05    1.8955E+05    2.4389E+05    1.7949E+05    2.8850E+05
  1.4125E-01    1.4519E+05    1.2843E+05    1.6281E+05    1.2155E+05    1.9313E+05
  1.5849E-01    9.9273E+04    8.8200E+04    1.0998E+05    8.3429E+04    1.3057E+05
  1.7783E-01    6.9274E+04    6.1058E+04    7.5172E+04    5.7973E+04    8.9159E+04
  1.9953E-01    4.8791E+04    4.2504E+04    5.1948E+04    4.0581E+04    6.1467E+04
  2.2387E-01    3.4598E+04    2.9877E+04    3.6486E+04    2.8654E+04    4.2758E+04
  2.5119E-01    2.4668E+04    2.1183E+04    2.6062E+04    2.0399E+04    2.9987E+04
  2.8184E-01    1.7594E+04    1.5126E+04    1.8705E+04    1.4621E+04    2.1185E+04
  3.1623E-01    1.2592E+04    1.0863E+04    1.3478E+04    1.0537E+04    1.5064E+04
  3.5481E-01    9.0445E+03    7.8385E+03    9.7453E+03    7.6272E+03    1.0770E+04
  3.9811E-01    6.5256E+03    5.6799E+03    7.0680E+03    5.5423E+03    7.7384E+03
  4.4668E-01    4.7256E+03    4.1297E+03    5.1397E+03    4.0396E+03    5.5832E+03
  5.0119E-01    3.4331E+03    3.0114E+03    3.7462E+03    2.9518E+03    4.0431E+03
  5.6234E-01    2.5080E+03    2.2052E+03    2.7363E+03    2.1617E+03    2.9372E+03
  6.3096E-01    1.8366E+03    1.6180E+03    2.0026E+03    1.5861E+03    2.1395E+03
  7.0795E-01    1.3475E+03    1.1872E+03    1.4677E+03    1.1658E+03    1.5623E+03
  7.9433E-01    9.9029E+02    8.7258E+02    1.0747E+03    8.5821E+02    1.1431E+03
  8.9125E-01    7.2890E+02    6.4231E+02    7.8850E+02    6.3264E+02    8.3803E+02
  1.0000E+00    5.3726E+02    4.7347E+02    5.7957E+02    4.6696E+02    6.1542E+02
  1.1220E+00    3.9650E+02    3.4942E+02    4.2667E+02    3.4504E+02    4.5264E+02
  1.2589E+00    2.9289E+02    2.5808E+02    3.1452E+02    2.5512E+02    3.3336E+02
  1.4125E+00    2.1656E+02    1.9078E+02    2.3215E+02    1.8881E+02    2.4580E+02
  1.5849E+00    1.6032E+02    1.4119E+02    1.7160E+02    1.3989E+02    1.8145E+02
  1.7783E+00    1.1879E+02    1.0459E+02    1.2700E+02    1.0374E+02    1.3409E+02
  1.9953E+00    8.8085E+01    7.7606E+01    9.4105E+01    7.6991E+01    9.9179E+01
  2.2387E+00    6.5378E+01    5.7634E+01    6.9813E+01    5.7193E+01    7.3421E+01
  2.5119E+00    4.8555E+01    4.2837E+01    5.1849E+01    4.2521E+01    5.4394E+01
  2.8184E+00    3.6015E+01    3.1863E+01    3.8545E+01    3.1636E+01    4.0323E+01
  3.1623E+00    2.6723E+01    2.3721E+01    2.8680E+01    2.3554E+01    2.9905E+01
  3.5481E+00    1.9836E+01    1.7673E+01    2.1356E+01    1.7518E+01    2.2186E+01
  3.9811E+00    1.4727E+01    1.3174E+01    1.5911E+01    1.3032E+01    1.6462E+01
  4.4668E+00    1.0970E+01    9.8193E+00    1.1844E+01    9.6938E+00    1.2213E+01
  5.0119E+00    8.1672E+00    7.3096E+00    8.8086E+00    7.2035E+00    9.0585E+00
  5.6234E+00    6.0717E+00    5.4320E+00    6.5516E+00    5.3456E+00    6.7147E+00
  6.3096E+00    4.5048E+00    4.0271E+00    4.8712E+00    3.9593E+00    4.9739E+00
  7.0795E+00    3.3359E+00    2.9730E+00    3.6062E+00    2.9226E+00    3.6802E+00
  7.9433E+00    2.4636E+00    2.1820E+00    2.6595E+00    2.1471E+00    2.7310E+00
  8.9125E+00    1.8099E+00    1.5901E+00    1.9521E+00    1.5682E+00    2.0241E+00
  1.0000E+01    1.3222E+00    1.1482E+00    1.4245E+00    1.1322E+00    1.4927E+00
  1.1220E+01    9.6516E-01    8.2045E-01    1.0319E+00    8.0906E-01    1.0931E+00
  1.2589E+01    6.9355E-01    5.8037E-01    7.4157E-01    5.7154E-01    7.9349E-01
  1.4125E+01    4.9321E-01    4.0721E-01    5.2816E-01    3.9870E-01    5.6993E-01
  1.5849E+01    3.4663E-01    2.8172E-01    3.7243E-01    2.7424E-01    4.0838E-01
  1.7783E+01    2.4014E-01    1.9183E-01    2.5974E-01    1.8554E-01    2.9129E-01
  1.9953E+01    1.6319E-01    1.2855E-01    1.7903E-01    1.2270E-01    2.0587E-01
  2.2387E+01    1.0865E-01    8.4693E-02    1.2184E-01    7.9591E-02    1.4395E-01
  2.5119E+01    7.1037E-02    5.4693E-02    8.2027E-02    5.0598E-02    9.9443E-02
  2.8184E+01    4.5869E-02    3.4642E-02    5.4500E-02    3.1497E-02    6.7744E-02
  3.1623E+01    2.9053E-02    2.1540E-02    3.5367E-02    1.9187E-02    4.5417E-02
  3.5481E+01    1.7943E-02    1.3144E-02    2.2644E-02    1.1433E-02    2.9904E-02
  3.9811E+01    1.0844E-02    7.8703E-03    1.4113E-02    6.6628E-03    1.9295E-02
  4.4668E+01    6.4121E-03    4.6235E-03    8.5855E-03    3.7971E-03    1.2175E-02
  5.0119E+01    3.7090E-03    2.6652E-03    5.0930E-03    2.1165E-03    7.4998E-03
  5.6234E+01    2.0989E-03    1.5018E-03    2.9444E-03    1.1540E-03    4.5026E-03
  6.3096E+01    1.1623E-03    8.2480E-04    1.6589E-03    6.1572E-04    2.6321E-03
  7.0795E+01    6.3013E-04    4.4378E-04    9.1113E-04    3.2158E-04    1.4976E-03
  7.9433E+01    3.3016E-04    2.3402E-04    4.8820E-04    1.6448E-04    8.2946E-04
  8.9125E+01    1.6726E-04    1.2102E-04    2.6243E-04    8.2431E-05    4.4760E-04
