# Differential number counts predicted by the model of Bethermin, Dole, Lagache, Le Borgne and Penin (2010, submitted to A&A)
# This file contains the prediction for Spitzer MIPS 160 um
# column 1: S (in Jy)
# column 2: median dN/dS (gal/Jy/sr)
# column 3: 1-sigma inf dN/dS (gal/Jy/sr)
# column 4: 1-sigma sup dN/dS (gal/Jy/sr)
# column 5: 2-sigma inf dN/dS (gal/Jy/sr)
# column 6: 2-sigma sup dN/dS (gal/Jy/sr)
# WARNING: Due to the grid in redshift, there is an artficial deviation from the euclidian behavior at very high flux (S>1Jy). Use the model in this regime with caution.
# desc: flux@@float dnds_median@@float dnds_inf1@@float dnds_sup1@@float dnds_inf2@@float dnds_sup2@@float
  1.0000E-08    4.1960E+16    1.3715E+16    9.2076E+16    3.6433E+15    1.4807E+17
  1.1220E-08    3.6736E+16    1.2158E+16    7.9912E+16    3.3003E+15    1.2787E+17
  1.2589E-08    3.2162E+16    1.0778E+16    6.9354E+16    2.9896E+15    1.1042E+17
  1.4125E-08    2.8157E+16    9.5548E+15    6.0191E+16    2.7082E+15    9.5352E+16
  1.5849E-08    2.4652E+16    8.4704E+15    5.2239E+16    2.4532E+15    8.2342E+16
  1.7783E-08    2.1582E+16    7.5090E+15    4.5337E+16    2.2223E+15    7.1106E+16
  1.9953E-08    1.8895E+16    6.6567E+15    3.9347E+16    2.0130E+15    6.1407E+16
  2.2387E-08    1.6545E+16    5.9024E+15    3.4153E+16    1.8236E+15    5.3033E+16
  2.5119E-08    1.4487E+16    5.2337E+15    2.9644E+16    1.6524E+15    4.5799E+16
  2.8184E-08    1.2684E+16    4.6402E+15    2.5730E+16    1.4970E+15    3.9552E+16
  3.1623E-08    1.1105E+16    4.1139E+15    2.2331E+16    1.3562E+15    3.4156E+16
  3.5481E-08    9.7229E+15    3.6473E+15    1.9382E+16    1.2286E+15    2.9497E+16
  3.9811E-08    8.5126E+15    3.2335E+15    1.6822E+16    1.1130E+15    2.5472E+16
  4.4668E-08    7.4529E+15    2.8666E+15    1.4600E+16    1.0083E+15    2.1997E+16
  5.0119E-08    6.5251E+15    2.5413E+15    1.2671E+16    9.1339E+14    1.8996E+16
  5.6234E-08    5.7129E+15    2.2530E+15    1.0998E+16    8.2742E+14    1.6404E+16
  6.3096E-08    5.0016E+15    1.9973E+15    9.5448E+15    7.4953E+14    1.4166E+16
  7.0795E-08    4.3789E+15    1.7706E+15    8.2838E+15    6.7898E+14    1.2233E+16
  7.9433E-08    3.8338E+15    1.5697E+15    7.1895E+15    6.1507E+14    1.0564E+16
  8.9125E-08    3.3564E+15    1.3915E+15    6.2397E+15    5.5716E+14    9.1225E+15
  1.0000E-07    2.9385E+15    1.2336E+15    5.4154E+15    5.0471E+14    7.8777E+15
  1.1220E-07    2.5727E+15    1.0936E+15    4.6999E+15    4.5719E+14    6.8028E+15
  1.2589E-07    2.2524E+15    9.6947E+14    4.0790E+15    4.1415E+14    5.8746E+15
  1.4125E-07    1.9720E+15    8.5944E+14    3.5401E+15    3.7515E+14    5.0730E+15
  1.5849E-07    1.7264E+15    7.6190E+14    3.0725E+15    3.3983E+14    4.3808E+15
  1.7783E-07    1.5115E+15    6.7543E+14    2.6665E+15    3.0782E+14    3.7830E+15
  1.9953E-07    1.3233E+15    5.9876E+14    2.3142E+15    2.7883E+14    3.2668E+15
  2.2387E-07    1.1585E+15    5.3080E+14    2.0085E+15    2.5256E+14    2.8211E+15
  2.5119E-07    1.0143E+15    4.7098E+14    1.7431E+15    2.2876E+14    2.4361E+15
  2.8184E-07    8.8798E+14    4.2485E+14    1.5128E+15    2.0720E+14    2.1037E+15
  3.1623E-07    7.7742E+14    3.8319E+14    1.3130E+15    1.8766E+14    1.8167E+15
  3.5481E-07    6.8062E+14    3.4557E+14    1.1395E+15    1.6995E+14    1.5688E+15
  3.9811E-07    5.9588E+14    3.1158E+14    9.8895E+14    1.5391E+14    1.3547E+15
  4.4668E-07    5.2168E+14    2.7524E+14    8.5829E+14    1.3937E+14    1.1699E+15
  5.0119E-07    4.5673E+14    2.4298E+14    7.4490E+14    1.2619E+14    1.0102E+15
  5.6234E-07    3.9986E+14    2.1450E+14    6.4648E+14    1.1425E+14    8.7238E+14
  6.3096E-07    3.5008E+14    1.8936E+14    5.6107E+14    1.0342E+14    7.5334E+14
  7.0795E-07    3.0649E+14    1.6717E+14    4.8694E+14    9.3614E+13    6.5054E+14
  7.9433E-07    2.6833E+14    1.4758E+14    4.2260E+14    8.4724E+13    5.6177E+14
  8.9125E-07    2.3492E+14    1.3029E+14    3.6677E+14    7.6663E+13    4.8512E+14
  1.0000E-06    2.0567E+14    1.1502E+14    3.1831E+14    6.9351E+13    4.1892E+14
  1.1220E-06    1.8006E+14    1.0154E+14    2.7626E+14    6.2717E+13    3.6176E+14
  1.2589E-06    1.5764E+14    8.9636E+13    2.3976E+14    5.6694E+13    3.1239E+14
  1.4125E-06    1.3801E+14    7.9130E+13    2.0808E+14    5.1227E+13    2.6976E+14
  1.5849E-06    1.2082E+14    6.9854E+13    1.8058E+14    4.5849E+13    2.3295E+14
  1.7783E-06    1.0578E+14    6.1665E+13    1.5672E+14    4.0809E+13    2.0116E+14
  1.9953E-06    9.2602E+13    5.4436E+13    1.3600E+14    3.6322E+13    1.7371E+14
  2.2387E-06    8.1068E+13    4.8053E+13    1.1803E+14    3.2327E+13    1.5000E+14
  2.5119E-06    7.0968E+13    4.2417E+13    1.0242E+14    2.8769E+13    1.2953E+14
  2.8184E-06    6.2125E+13    3.7441E+13    8.8880E+13    2.5601E+13    1.1185E+14
  3.1623E-06    5.4382E+13    3.3145E+13    7.7124E+13    2.2781E+13    9.6577E+13
  3.5481E-06    4.7603E+13    2.9361E+13    6.6922E+13    2.0270E+13    8.3391E+13
  3.9811E-06    4.1668E+13    2.6007E+13    5.8068E+13    1.8035E+13    7.2005E+13
  4.4668E-06    3.6472E+13    2.3033E+13    5.0383E+13    1.6045E+13    6.2171E+13
  5.0119E-06    3.1873E+13    2.0396E+13    4.3713E+13    1.4274E+13    5.3679E+13
  5.6234E-06    2.7810E+13    1.8057E+13    3.7924E+13    1.2697E+13    4.6345E+13
  6.3096E-06    2.4264E+13    1.5984E+13    3.2901E+13    1.1293E+13    4.0012E+13
  7.0795E-06    2.1168E+13    1.4145E+13    2.8540E+13    1.0043E+13    3.4542E+13
  7.9433E-06    1.8466E+13    1.2515E+13    2.4757E+13    8.9305E+12    2.9819E+13
  8.9125E-06    1.6108E+13    1.1070E+13    2.1473E+13    7.9403E+12    2.5740E+13
  1.0000E-05    1.4050E+13    9.7900E+12    1.8624E+13    7.0591E+12    2.2218E+13
  1.1220E-05    1.2254E+13    8.6557E+12    1.6151E+13    6.2749E+12    1.9177E+13
  1.2589E-05    1.0687E+13    7.6510E+12    1.4014E+13    5.5772E+12    1.6551E+13
  1.4125E-05    9.3192E+12    6.7613E+12    1.2171E+13    4.9565E+12    1.4284E+13
  1.5849E-05    8.1260E+12    5.9736E+12    1.0569E+13    4.4044E+12    1.2326E+13
  1.7783E-05    7.0850E+12    5.2764E+12    9.1771E+12    3.9132E+12    1.0636E+13
  1.9953E-05    6.1769E+12    4.6595E+12    7.9677E+12    3.4764E+12    9.1774E+12
  2.2387E-05    5.3846E+12    4.1137E+12    6.9171E+12    3.0880E+12    7.9181E+12
  2.5119E-05    4.7024E+12    3.6309E+12    6.0045E+12    2.7426E+12    6.8311E+12
  2.8184E-05    4.1088E+12    3.2039E+12    5.2118E+12    2.4355E+12    5.8929E+12
  3.1623E-05    3.5898E+12    2.8004E+12    4.5233E+12    2.1625E+12    5.0832E+12
  3.5481E-05    3.1361E+12    2.4319E+12    3.9253E+12    1.9198E+12    4.3844E+12
  3.9811E-05    2.7395E+12    2.1135E+12    3.4060E+12    1.7041E+12    3.7814E+12
  4.4668E-05    2.3953E+12    1.8384E+12    2.9550E+12    1.5023E+12    3.2610E+12
  5.0119E-05    2.0962E+12    1.6108E+12    2.5634E+12    1.3232E+12    2.8119E+12
  5.6234E-05    1.8339E+12    1.4179E+12    2.2235E+12    1.1660E+12    2.4245E+12
  6.3096E-05    1.6039E+12    1.2478E+12    1.9283E+12    1.0281E+12    2.0902E+12
  7.0795E-05    1.4023E+12    1.0978E+12    1.6720E+12    9.0701E+11    1.8018E+12
  7.9433E-05    1.2257E+12    9.6567E+11    1.4496E+12    8.0070E+11    1.5529E+12
  8.9125E-05    1.0710E+12    8.4921E+11    1.2565E+12    7.0731E+11    1.3415E+12
  1.0000E-04    9.3478E+11    7.4659E+11    1.0889E+12    6.2521E+11    1.1597E+12
  1.1220E-04    8.1447E+11    6.5619E+11    9.4342E+11    5.5298E+11    1.0024E+12
  1.2589E-04    7.0946E+11    5.7655E+11    8.1719E+11    4.8939E+11    8.6624E+11
  1.4125E-04    6.1782E+11    5.0640E+11    7.0766E+11    4.3334E+11    7.4845E+11
  1.5849E-04    5.3785E+11    4.4462E+11    6.1262E+11    3.8390E+11    6.4654E+11
  1.7783E-04    4.6809E+11    3.9021E+11    5.3017E+11    3.4023E+11    5.5837E+11
  1.9953E-04    4.0722E+11    3.4231E+11    4.5865E+11    3.0162E+11    4.8208E+11
  2.2387E-04    3.5413E+11    3.0014E+11    3.9644E+11    2.6744E+11    4.1607E+11
  2.5119E-04    3.0783E+11    2.6302E+11    3.4131E+11    2.3714E+11    3.5896E+11
  2.8184E-04    2.6745E+11    2.3035E+11    2.9371E+11    2.1025E+11    3.0953E+11
  3.1623E-04    2.3234E+11    2.0159E+11    2.5436E+11    1.8636E+11    2.6675E+11
  3.5481E-04    2.0185E+11    1.7630E+11    2.2051E+11    1.6510E+11    2.2973E+11
  3.9811E-04    1.7524E+11    1.5404E+11    1.8966E+11    1.4617E+11    1.9768E+11
  4.4668E-04    1.5175E+11    1.3447E+11    1.6279E+11    1.2901E+11    1.6994E+11
  5.0119E-04    1.3153E+11    1.1761E+11    1.4005E+11    1.1324E+11    1.4593E+11
  5.6234E-04    1.1400E+11    1.0322E+11    1.2137E+11    9.9270E+10    1.2514E+11
  6.3096E-04    9.8729E+10    9.0483E+10    1.0463E+11    8.6905E+10    1.0716E+11
  7.0795E-04    8.5381E+10    7.9198E+10    8.9916E+10    7.5968E+10    9.1993E+10
  7.9433E-04    7.3669E+10    6.9007E+10    7.7204E+10    6.6301E+10    7.9230E+10
  8.9125E-04    6.3044E+10    5.9973E+10    6.6228E+10    5.7766E+10    6.8151E+10
  1.0000E-03    5.4273E+10    5.2256E+10    5.6610E+10    5.0238E+10    5.8542E+10
  1.1220E-03    4.6664E+10    4.5116E+10    4.8565E+10    4.3422E+10    5.0216E+10
  1.2589E-03    3.9830E+10    3.8587E+10    4.1560E+10    3.7456E+10    4.3009E+10
  1.4125E-03    3.4277E+10    3.2968E+10    3.5505E+10    3.2259E+10    3.6829E+10
  1.5849E-03    2.9317E+10    2.8138E+10    3.0295E+10    2.7737E+10    3.1489E+10
  1.7783E-03    2.5142E+10    2.4136E+10    2.5817E+10    2.3743E+10    2.6869E+10
  1.9953E-03    2.1481E+10    2.0437E+10    2.2091E+10    2.0102E+10    2.2878E+10
  2.2387E-03    1.8309E+10    1.7456E+10    1.8874E+10    1.6999E+10    1.9436E+10
  2.5119E-03    1.5578E+10    1.4838E+10    1.6094E+10    1.4319E+10    1.6473E+10
  2.8184E-03    1.3229E+10    1.2561E+10    1.3694E+10    1.1964E+10    1.3927E+10
  3.1623E-03    1.1243E+10    1.0657E+10    1.1623E+10    9.9846E+09    1.1743E+10
  3.5481E-03    9.5304E+09    9.0279E+09    9.8116E+09    8.3224E+09    9.8735E+09
  3.9811E-03    8.0149E+09    7.6340E+09    8.2331E+09    6.9278E+09    8.3003E+09
  4.4668E-03    6.7215E+09    6.4402E+09    6.8832E+09    5.7579E+09    6.9764E+09
  5.0119E-03    5.6172E+09    5.4169E+09    5.7404E+09    4.7760E+09    5.8384E+09
  5.6234E-03    4.6804E+09    4.5390E+09    4.7643E+09    3.9512E+09    4.8620E+09
  6.3096E-03    3.8624E+09    3.7743E+09    3.9410E+09    3.2579E+09    4.0262E+09
  7.0795E-03    3.1629E+09    3.0831E+09    3.2427E+09    2.6749E+09    3.3133E+09
  7.9433E-03    2.5873E+09    2.5020E+09    2.6552E+09    2.1850E+09    2.7170E+09
  8.9125E-03    2.1073E+09    2.0158E+09    2.1577E+09    1.7739E+09    2.2234E+09
  1.0000E-02    1.6940E+09    1.6117E+09    1.7391E+09    1.4303E+09    1.8048E+09
  1.1220E-02    1.3556E+09    1.2781E+09    1.3893E+09    1.1443E+09    1.4521E+09
  1.2589E-02    1.0674E+09    1.0048E+09    1.0995E+09    9.0785E+08    1.1572E+09
  1.4125E-02    8.3484E+08    7.8824E+08    8.6168E+08    7.1387E+08    9.1299E+08
  1.5849E-02    6.4700E+08    6.1394E+08    6.6898E+08    5.5612E+08    7.1265E+08
  1.7783E-02    4.9603E+08    4.7205E+08    5.1345E+08    4.2911E+08    5.5012E+08
  1.9953E-02    3.7613E+08    3.6063E+08    3.9090E+08    3.2790E+08    4.1981E+08
  2.2387E-02    2.8208E+08    2.7005E+08    2.9304E+08    2.4812E+08    3.1663E+08
  2.5119E-02    2.0869E+08    2.0021E+08    2.1743E+08    1.8594E+08    2.3599E+08
  2.8184E-02    1.5249E+08    1.4698E+08    1.5982E+08    1.3802E+08    1.7380E+08
  3.1623E-02    1.1149E+08    1.0687E+08    1.1625E+08    1.0150E+08    1.2651E+08
  3.5481E-02    8.0141E+07    7.6602E+07    8.3713E+07    7.3980E+07    9.1028E+07
  3.9811E-02    5.6616E+07    5.4397E+07    5.9674E+07    5.3462E+07    6.4779E+07
  4.4668E-02    3.9926E+07    3.8329E+07    4.2164E+07    3.7916E+07    4.5622E+07
  5.0119E-02    2.8054E+07    2.6985E+07    2.9779E+07    2.6592E+07    3.1824E+07
  5.6234E-02    1.9575E+07    1.8762E+07    2.0798E+07    1.8533E+07    2.2011E+07
  6.3096E-02    1.3571E+07    1.2874E+07    1.4436E+07    1.2804E+07    1.5114E+07
  7.0795E-02    9.3844E+06    8.8807E+06    9.9768E+06    8.7589E+06    1.0320E+07
  7.9433E-02    6.4682E+06    6.1194E+06    6.8758E+06    5.9788E+06    7.0273E+06
  8.9125E-02    4.4548E+06    4.2140E+06    4.7268E+06    4.0906E+06    4.8450E+06
  1.0000E-01    3.0651E+06    2.8955E+06    3.2343E+06    2.8110E+06    3.3349E+06
  1.1220E-01    2.1231E+06    2.0044E+06    2.2049E+06    1.9433E+06    2.2952E+06
  1.2589E-01    1.4750E+06    1.3885E+06    1.5248E+06    1.3531E+06    1.5818E+06
  1.4125E-01    1.0278E+06    9.6629E+05    1.0591E+06    9.4957E+05    1.0931E+06
  1.5849E-01    7.1459E+05    6.7609E+05    7.3775E+05    6.6281E+05    7.6331E+05
  1.7783E-01    5.0207E+05    4.7770E+05    5.1589E+05    4.6545E+05    5.3789E+05
  1.9953E-01    3.5384E+05    3.4050E+05    3.6246E+05    3.2911E+05    3.8128E+05
  2.2387E-01    2.5477E+05    2.4423E+05    2.5936E+05    2.3427E+05    2.7184E+05
  2.5119E-01    1.8316E+05    1.7617E+05    1.8589E+05    1.6781E+05    1.9489E+05
  2.8184E-01    1.3267E+05    1.2698E+05    1.3433E+05    1.2089E+05    1.4044E+05
  3.1623E-01    9.5669E+04    9.1642E+04    9.7739E+04    8.7521E+04    1.0167E+05
  3.5481E-01    6.9760E+04    6.6444E+04    7.1496E+04    6.3636E+04    7.3894E+04
  3.9811E-01    5.0860E+04    4.8352E+04    5.2361E+04    4.6437E+04    5.3894E+04
  4.4668E-01    3.7191E+04    3.5254E+04    3.8413E+04    3.3988E+04    3.9421E+04
  5.0119E-01    2.7265E+04    2.5719E+04    2.8242E+04    2.4939E+04    2.8907E+04
  5.6234E-01    2.0031E+04    1.8921E+04    2.0798E+04    1.8338E+04    2.1241E+04
  6.3096E-01    1.4743E+04    1.3952E+04    1.5308E+04    1.3507E+04    1.5636E+04
  7.0795E-01    1.0868E+04    1.0302E+04    1.1305E+04    9.9638E+03    1.1527E+04
  7.9433E-01    8.0220E+03    7.6096E+03    8.3577E+03    7.3593E+03    8.5092E+03
  8.9125E-01    5.9280E+03    5.6286E+03    6.1843E+03    5.4413E+03    6.2881E+03
  1.0000E+00    4.3852E+03    4.1642E+03    4.5799E+03    4.0273E+03    4.6515E+03
  1.1220E+00    3.2471E+03    3.0839E+03    3.3947E+03    2.9835E+03    3.4441E+03
  1.2589E+00    2.4061E+03    2.2856E+03    2.5178E+03    2.2118E+03    2.5520E+03
  1.4125E+00    1.7841E+03    1.6952E+03    1.8686E+03    1.6409E+03    1.8923E+03
  1.5849E+00    1.3239E+03    1.2583E+03    1.3877E+03    1.2182E+03    1.4042E+03
  1.7783E+00    9.8333E+02    9.3455E+02    1.0312E+03    9.0487E+02    1.0426E+03
  1.9953E+00    7.3055E+02    6.9440E+02    7.6654E+02    6.7243E+02    7.7474E+02
  2.2387E+00    5.4309E+02    5.1627E+02    5.7009E+02    4.9998E+02    5.7628E+02
  2.5119E+00    4.0397E+02    3.8406E+02    4.2423E+02    3.7198E+02    4.2889E+02
  2.8184E+00    3.0065E+02    2.8586E+02    3.1585E+02    2.7688E+02    3.1933E+02
  3.1623E+00    2.2384E+02    2.1285E+02    2.3525E+02    2.0616E+02    2.3783E+02
  3.5481E+00    1.6670E+02    1.5852E+02    1.7525E+02    1.5353E+02    1.7716E+02
  3.9811E+00    1.2421E+02    1.1811E+02    1.3059E+02    1.1439E+02    1.3202E+02
  4.4668E+00    9.2596E+01    8.8044E+01    9.7357E+01    8.5267E+01    9.8428E+01
  5.0119E+00    6.9063E+01    6.5659E+01    7.2613E+01    6.3583E+01    7.3405E+01
  5.6234E+00    5.1532E+01    4.8985E+01    5.4199E+01    4.7427E+01    5.4757E+01
  6.3096E+00    3.8465E+01    3.6555E+01    4.0466E+01    3.5383E+01    4.0854E+01
  7.0795E+00    2.8718E+01    2.7285E+01    3.0209E+01    2.6400E+01    3.0481E+01
  7.9433E+00    2.1449E+01    2.0367E+01    2.2536E+01    1.9698E+01    2.2742E+01
  8.9125E+00    1.6030E+01    1.5210E+01    1.6816E+01    1.4703E+01    1.6974E+01
  1.0000E+01    1.1971E+01    1.1366E+01    1.2556E+01    1.0981E+01    1.2672E+01
  1.1220E+01    8.9501E+00    8.4957E+00    9.3819E+00    8.2028E+00    9.4630E+00
  1.2589E+01    6.6993E+00    6.3530E+00    7.0131E+00    6.1220E+00    7.0681E+00
  1.4125E+01    5.0159E+00    4.7521E+00    5.2447E+00    4.5677E+00    5.2807E+00
  1.5849E+01    3.7556E+00    3.5554E+00    3.9241E+00    3.4068E+00    3.9464E+00
  1.7783E+01    2.8111E+00    2.6602E+00    2.9317E+00    2.5394E+00    2.9533E+00
  1.9953E+01    2.1026E+00    1.9854E+00    2.1898E+00    1.8911E+00    2.2101E+00
  2.2387E+01    1.5704E+00    1.4784E+00    1.6347E+00    1.4062E+00    1.6525E+00
  2.5119E+01    1.1704E+00    1.0994E+00    1.2190E+00    1.0438E+00    1.2334E+00
  2.8184E+01    8.6943E-01    8.1606E-01    9.1037E-01    7.7294E-01    9.2181E-01
  3.1623E+01    6.4448E-01    6.0438E-01    6.7955E-01    5.7090E-01    6.8667E-01
  3.5481E+01    4.7657E-01    4.4645E-01    5.0015E-01    4.2042E-01    5.0924E-01
  3.9811E+01    3.4890E-01    3.2871E-01    3.6894E-01    3.0854E-01    3.7624E-01
  4.4668E+01    2.5392E-01    2.3897E-01    2.7174E-01    2.2555E-01    2.7760E-01
  5.0119E+01    1.8356E-01    1.7116E-01    1.9838E-01    1.6306E-01    2.0306E-01
  5.6234E+01    1.3120E-01    1.2108E-01    1.4232E-01    1.1539E-01    1.4686E-01
  6.3096E+01    9.2562E-02    8.4461E-02    1.0078E-01    8.0526E-02    1.0475E-01
  7.0795E+01    6.4345E-02    5.8020E-02    7.0170E-02    5.5344E-02    7.3507E-02
  7.9433E+01    4.4002E-02    3.9232E-02    4.8278E-02    3.7412E-02    5.1207E-02
  8.9125E+01    3.0456E-02    2.6273E-02    3.2857E-02    2.5001E-02    3.5595E-02
