# Differential number counts predicted by the model of Bethermin, Dole, Lagache, Le Borgne and Penin (2010, submitted to A&A)
# This file contains the prediction for PACS 110 um
# column 1: S (in Jy)
# column 2: median dN/dS (gal/Jy/sr)
# column 3: 1-sigma inf dN/dS (gal/Jy/sr)
# column 4: 1-sigma sup dN/dS (gal/Jy/sr)
# column 5: 2-sigma inf dN/dS (gal/Jy/sr)
# column 6: 2-sigma sup dN/dS (gal/Jy/sr)
# WARNING: Due to the grid in redshift, there is an artficial deviation from the euclidian behavior at very high flux (S>1Jy). Use the model in this regime with caution.
# desc: flux@@float dnds_median@@float dnds_inf1@@float dnds_sup1@@float dnds_inf2@@float dnds_sup2@@float
  1.0000E-08    3.8312E+16    1.3250E+16    7.8274E+16    3.9420E+15    1.2116E+17
  1.1220E-08    3.3525E+16    1.1747E+16    6.7933E+16    3.5709E+15    1.0462E+17
  1.2589E-08    2.9336E+16    1.0413E+16    5.8958E+16    3.2347E+15    9.0347E+16
  1.4125E-08    2.5670E+16    9.2314E+15    5.1168E+16    2.9302E+15    7.8019E+16
  1.5849E-08    2.2463E+16    8.1838E+15    4.4408E+16    2.6544E+15    6.7374E+16
  1.7783E-08    1.9656E+16    7.2549E+15    3.8541E+16    2.4045E+15    5.8180E+16
  1.9953E-08    1.7200E+16    6.4315E+15    3.3449E+16    2.1781E+15    5.0246E+16
  2.2387E-08    1.5051E+16    5.7015E+15    2.9033E+16    1.9731E+15    4.3393E+16
  2.5119E-08    1.3173E+16    5.0557E+15    2.5200E+16    1.7874E+15    3.7473E+16
  2.8184E-08    1.1528E+16    4.4824E+15    2.1872E+16    1.6199E+15    3.2361E+16
  3.1623E-08    1.0088E+16    3.9743E+15    1.8984E+16    1.4675E+15    2.7947E+16
  3.5481E-08    8.8279E+15    3.5235E+15    1.6477E+16    1.3294E+15    2.4134E+16
  3.9811E-08    7.7251E+15    3.1238E+15    1.4300E+16    1.2043E+15    2.0842E+16
  4.4668E-08    6.7600E+15    2.7694E+15    1.2411E+16    1.0910E+15    1.7998E+16
  5.0119E-08    5.9154E+15    2.4552E+15    1.0772E+16    9.8833E+14    1.5543E+16
  5.6234E-08    5.1763E+15    2.1766E+15    9.3491E+15    8.9532E+14    1.3422E+16
  6.3096E-08    4.5296E+15    1.9296E+15    8.1141E+15    8.1106E+14    1.1591E+16
  7.0795E-08    3.9637E+15    1.7106E+15    7.0421E+15    7.3472E+14    1.0009E+16
  7.9433E-08    3.4684E+15    1.5165E+15    6.1119E+15    6.6558E+14    8.6438E+15
  8.9125E-08    3.0350E+15    1.3444E+15    5.3044E+15    6.0293E+14    7.4643E+15
  1.0000E-07    2.6558E+15    1.1919E+15    4.6037E+15    5.4618E+14    6.4458E+15
  1.1220E-07    2.3240E+15    1.0566E+15    3.9955E+15    4.9478E+14    5.5663E+15
  1.2589E-07    2.0336E+15    9.3670E+14    3.4676E+15    4.4821E+14    4.8068E+15
  1.4125E-07    1.7795E+15    8.3040E+14    3.0095E+15    4.0602E+14    4.1510E+15
  1.5849E-07    1.5571E+15    7.4363E+14    2.6119E+15    3.6781E+14    3.5846E+15
  1.7783E-07    1.3626E+15    6.7101E+14    2.2669E+15    3.3319E+14    3.0954E+15
  1.9953E-07    1.1927E+15    6.0547E+14    1.9674E+15    3.0182E+14    2.6731E+15
  2.2387E-07    1.0442E+15    5.4353E+14    1.7075E+15    2.7341E+14    2.3083E+15
  2.5119E-07    9.1422E+14    4.7984E+14    1.4819E+15    2.4766E+14    1.9934E+15
  2.8184E-07    8.0040E+14    4.2361E+14    1.2861E+15    2.2434E+14    1.7214E+15
  3.1623E-07    7.0075E+14    3.7397E+14    1.1162E+15    2.0320E+14    1.4865E+15
  3.5481E-07    6.1351E+14    3.3015E+14    9.6878E+14    1.8406E+14    1.2837E+15
  3.9811E-07    5.3713E+14    2.9147E+14    8.4081E+14    1.6673E+14    1.1085E+15
  4.4668E-07    4.7026E+14    2.5733E+14    7.2975E+14    1.5106E+14    9.5728E+14
  5.0119E-07    4.1147E+14    2.2718E+14    6.3338E+14    1.3687E+14    8.2667E+14
  5.6234E-07    3.5921E+14    2.0057E+14    5.4974E+14    1.2400E+14    7.1389E+14
  6.3096E-07    3.1394E+14    1.7708E+14    4.7715E+14    1.1233E+14    6.1650E+14
  7.0795E-07    2.7474E+14    1.5635E+14    4.1415E+14    1.0175E+14    5.3239E+14
  7.9433E-07    2.4044E+14    1.3804E+14    3.5947E+14    9.1673E+13    4.5977E+14
  8.9125E-07    2.1042E+14    1.2188E+14    3.1202E+14    8.1632E+13    3.9706E+14
  1.0000E-06    1.8416E+14    1.0762E+14    2.7084E+14    7.2694E+13    3.4290E+14
  1.1220E-06    1.6118E+14    9.5387E+13    2.3510E+14    6.4738E+13    2.9614E+14
  1.2589E-06    1.4107E+14    8.4635E+13    2.0408E+14    5.7655E+13    2.5575E+14
  1.4125E-06    1.2347E+14    7.5102E+13    1.7716E+14    5.1349E+13    2.2088E+14
  1.5849E-06    1.0807E+14    6.6652E+13    1.5379E+14    4.5735E+13    1.9077E+14
  1.7783E-06    9.4589E+13    5.9161E+13    1.3351E+14    4.0736E+13    1.6476E+14
  1.9953E-06    8.2794E+13    5.2518E+13    1.1591E+14    3.6286E+13    1.4231E+14
  2.2387E-06    7.2473E+13    4.6622E+13    1.0063E+14    3.2323E+13    1.2291E+14
  2.5119E-06    6.3439E+13    4.1386E+13    8.7365E+13    2.8792E+13    1.0616E+14
  2.8184E-06    5.5530E+13    3.6734E+13    7.5846E+13    2.5646E+13    9.1698E+13
  3.1623E-06    4.8606E+13    3.2598E+13    6.5844E+13    2.2841E+13    7.9202E+13
  3.5481E-06    4.2544E+13    2.8920E+13    5.7157E+13    2.0341E+13    6.8408E+13
  3.9811E-06    3.7235E+13    2.5648E+13    4.9612E+13    1.8112E+13    5.9083E+13
  4.4668E-06    3.2586E+13    2.2735E+13    4.3059E+13    1.6124E+13    5.1026E+13
  5.0119E-06    2.8515E+13    2.0142E+13    3.7367E+13    1.4351E+13    4.4065E+13
  5.6234E-06    2.4949E+13    1.7835E+13    3.2422E+13    1.2770E+13    3.8049E+13
  6.3096E-06    2.1826E+13    1.5781E+13    2.8128E+13    1.1361E+13    3.2851E+13
  7.0795E-06    1.9092E+13    1.3954E+13    2.4399E+13    1.0104E+13    2.8454E+13
  7.9433E-06    1.6697E+13    1.2330E+13    2.1190E+13    8.9829E+12    2.4674E+13
  8.9125E-06    1.4600E+13    1.0887E+13    1.8405E+13    7.9842E+12    2.1386E+13
  1.0000E-05    1.2765E+13    9.6068E+12    1.5983E+13    7.0944E+12    1.8528E+13
  1.1220E-05    1.1158E+13    8.4712E+12    1.3877E+13    6.3017E+12    1.6044E+13
  1.2589E-05    9.7520E+12    7.4651E+12    1.2047E+13    5.5960E+12    1.3888E+13
  1.4125E-05    8.5219E+12    6.5743E+12    1.0456E+13    4.9677E+12    1.2016E+13
  1.5849E-05    7.4457E+12    5.7865E+12    9.0743E+12    4.4087E+12    1.0393E+13
  1.7783E-05    6.5044E+12    5.0902E+12    7.8735E+12    3.9115E+12    8.9873E+12
  1.9953E-05    5.6812E+12    4.4657E+12    6.8304E+12    3.4693E+12    7.7699E+12
  2.2387E-05    4.9614E+12    3.8630E+12    5.9243E+12    3.0763E+12    6.7162E+12
  2.5119E-05    4.3322E+12    3.3464E+12    5.1375E+12    2.7086E+12    5.8048E+12
  2.8184E-05    3.7806E+12    2.9031E+12    4.4543E+12    2.3783E+12    5.0165E+12
  3.1623E-05    3.2956E+12    2.5222E+12    3.8612E+12    2.0905E+12    4.3351E+12
  3.5481E-05    2.8723E+12    2.1944E+12    3.3463E+12    1.8394E+12    3.7460E+12
  3.9811E-05    2.5029E+12    1.9145E+12    2.8993E+12    1.6200E+12    3.2369E+12
  4.4668E-05    2.1805E+12    1.6823E+12    2.5114E+12    1.4283E+12    2.7968E+12
  5.0119E-05    1.8993E+12    1.4779E+12    2.1748E+12    1.2604E+12    2.4165E+12
  5.6234E-05    1.6539E+12    1.2979E+12    1.8828E+12    1.1131E+12    2.0878E+12
  6.3096E-05    1.4400E+12    1.1394E+12    1.6294E+12    9.8379E+11    1.8037E+12
  7.0795E-05    1.2533E+12    9.9984E+11    1.4096E+12    8.7006E+11    1.5582E+12
  7.9433E-05    1.0906E+12    8.7701E+11    1.2189E+12    7.6989E+11    1.3459E+12
  8.9125E-05    9.4862E+11    7.6888E+11    1.0536E+12    6.8152E+11    1.1623E+12
  1.0000E-04    8.2485E+11    6.7371E+11    9.1088E+11    6.0346E+11    1.0036E+12
  1.1220E-04    7.1694E+11    5.8993E+11    7.9086E+11    5.3440E+11    8.6629E+11
  1.2589E-04    6.2286E+11    5.1618E+11    6.8439E+11    4.7322E+11    7.4754E+11
  1.4125E-04    5.4084E+11    4.5127E+11    5.8793E+11    4.1894E+11    6.4481E+11
  1.5849E-04    4.6947E+11    3.9416E+11    5.0482E+11    3.7072E+11    5.5591E+11
  1.7783E-04    4.0775E+11    3.4624E+11    4.3438E+11    3.2784E+11    4.7898E+11
  1.9953E-04    3.5387E+11    3.0410E+11    3.7382E+11    2.8966E+11    4.1239E+11
  2.2387E-04    3.0684E+11    2.6656E+11    3.2142E+11    2.5545E+11    3.5474E+11
  2.5119E-04    2.6546E+11    2.2976E+11    2.7637E+11    2.2373E+11    3.0483E+11
  2.8184E-04    2.2844E+11    1.9821E+11    2.3692E+11    1.9564E+11    2.6162E+11
  3.1623E-04    1.9724E+11    1.7404E+11    2.0307E+11    1.7015E+11    2.2422E+11
  3.5481E-04    1.6978E+11    1.5229E+11    1.7424E+11    1.4617E+11    1.9186E+11
  3.9811E-04    1.4520E+11    1.3138E+11    1.5018E+11    1.2541E+11    1.6388E+11
  4.4668E-04    1.2375E+11    1.1314E+11    1.2927E+11    1.0747E+11    1.3969E+11
  5.0119E-04    1.0579E+11    9.7244E+10    1.1110E+11    9.1964E+10    1.1881E+11
  5.6234E-04    9.0296E+10    8.3919E+10    9.5331E+10    7.8594E+10    1.0081E+11
  6.3096E-04    7.6945E+10    7.2283E+10    8.1662E+10    6.7077E+10    8.5564E+10
  7.0795E-04    6.5749E+10    6.2101E+10    6.9828E+10    5.7172E+10    7.2896E+10
  7.9433E-04    5.6146E+10    5.3214E+10    5.9599E+10    4.8666E+10    6.1970E+10
  8.9125E-04    4.7646E+10    4.5480E+10    5.0772E+10    4.1372E+10    5.2565E+10
  1.0000E-03    4.0458E+10    3.8437E+10    4.2593E+10    3.5128E+10    4.4487E+10
  1.1220E-03    3.4309E+10    3.2294E+10    3.6125E+10    2.9791E+10    3.7564E+10
  1.2589E-03    2.8994E+10    2.7084E+10    3.0654E+10    2.5234E+10    3.1647E+10
  1.4125E-03    2.4422E+10    2.2712E+10    2.5941E+10    2.1349E+10    2.6602E+10
  1.5849E-03    2.0403E+10    1.8972E+10    2.1730E+10    1.8039E+10    2.2313E+10
  1.7783E-03    1.7053E+10    1.5826E+10    1.8160E+10    1.5221E+10    1.8676E+10
  1.9953E-03    1.4331E+10    1.3187E+10    1.5158E+10    1.2823E+10    1.5679E+10
  2.2387E-03    1.2030E+10    1.0976E+10    1.2700E+10    1.0783E+10    1.3160E+10
  2.5119E-03    1.0096E+10    9.1258E+09    1.0614E+10    9.0489E+09    1.1054E+10
  2.8184E-03    8.4467E+09    7.6093E+09    8.8475E+09    7.5436E+09    9.2663E+09
  3.1623E-03    7.0507E+09    6.3362E+09    7.3556E+09    6.2452E+09    7.7491E+09
  3.5481E-03    5.8701E+09    5.2592E+09    6.0975E+09    5.1607E+09    6.4628E+09
  3.9811E-03    4.8709E+09    4.3540E+09    5.0386E+09    4.2553E+09    5.3736E+09
  4.4668E-03    4.0001E+09    3.5897E+09    4.1491E+09    3.4998E+09    4.4522E+09
  5.0119E-03    3.2752E+09    2.9444E+09    3.4315E+09    2.8698E+09    3.6742E+09
  5.6234E-03    2.6726E+09    2.4013E+09    2.8282E+09    2.3447E+09    3.0187E+09
  6.3096E-03    2.1724E+09    1.9561E+09    2.3094E+09    1.9077E+09    2.4680E+09
  7.0795E-03    1.7580E+09    1.5910E+09    1.8783E+09    1.5447E+09    2.0070E+09
  7.9433E-03    1.4155E+09    1.2858E+09    1.5208E+09    1.2440E+09    1.6226E+09
  8.9125E-03    1.1335E+09    1.0220E+09    1.2252E+09    9.8977E+08    1.3083E+09
  1.0000E-02    9.0228E+08    8.0736E+08    9.8166E+08    7.8006E+08    1.0485E+09
  1.1220E-02    7.1415E+08    6.3374E+08    7.8183E+08    6.1016E+08    8.3479E+08
  1.2589E-02    5.6230E+08    4.9417E+08    6.1872E+08    4.7240E+08    6.6000E+08
  1.4125E-02    4.3827E+08    3.8273E+08    4.8634E+08    3.6258E+08    5.1803E+08
  1.5849E-02    3.3835E+08    2.9438E+08    3.7959E+08    2.7592E+08    4.0354E+08
  1.7783E-02    2.5996E+08    2.2522E+08    2.9413E+08    2.0819E+08    3.1195E+08
  1.9953E-02    1.9821E+08    1.7099E+08    2.2621E+08    1.5577E+08    2.3928E+08
  2.2387E-02    1.4998E+08    1.2878E+08    1.7113E+08    1.1559E+08    1.8210E+08
  2.5119E-02    1.1265E+08    9.6228E+07    1.2828E+08    8.5102E+07    1.3751E+08
  2.8184E-02    8.3991E+07    7.1499E+07    9.5352E+07    6.2183E+07    1.0304E+08
  3.1623E-02    6.2187E+07    5.2830E+07    7.0316E+07    4.5116E+07    7.6633E+07
  3.5481E-02    4.5917E+07    3.8806E+07    5.2123E+07    3.2522E+07    5.6583E+07
  3.9811E-02    3.3616E+07    2.8349E+07    3.8757E+07    2.3308E+07    4.1493E+07
  4.4668E-02    2.4361E+07    2.0606E+07    2.8643E+07    1.6621E+07    3.0230E+07
  5.0119E-02    1.7566E+07    1.4850E+07    2.0817E+07    1.1803E+07    2.1894E+07
  5.6234E-02    1.2645E+07    1.0640E+07    1.5014E+07    8.3543E+06    1.5772E+07
  6.3096E-02    9.0675E+06    7.5959E+06    1.0786E+07    5.9002E+06    1.1308E+07
  7.0795E-02    6.4828E+06    5.4068E+06    7.7236E+06    4.1618E+06    8.0945E+06
  7.9433E-02    4.6246E+06    3.8402E+06    5.5176E+06    2.9349E+06    5.8339E+06
  8.9125E-02    3.2944E+06    2.7237E+06    3.9352E+06    2.0712E+06    4.1895E+06
  1.0000E-01    2.3452E+06    1.9307E+06    2.8041E+06    1.4640E+06    2.9996E+06
  1.1220E-01    1.6697E+06    1.3687E+06    1.9980E+06    1.0372E+06    2.1425E+06
  1.2589E-01    1.1898E+06    9.7749E+05    1.4244E+06    7.3700E+05    1.5276E+06
  1.4125E-01    8.4902E+05    7.0033E+05    1.0168E+06    5.2547E+05    1.0879E+06
  1.5849E-01    6.0703E+05    5.0313E+05    7.2482E+05    3.7602E+05    7.7446E+05
  1.7783E-01    4.3505E+05    3.6253E+05    5.1555E+05    2.7010E+05    5.5141E+05
  1.9953E-01    3.1262E+05    2.6202E+05    3.6751E+05    1.9476E+05    3.9290E+05
  2.2387E-01    2.2528E+05    1.8996E+05    2.6268E+05    1.4094E+05    2.8033E+05
  2.5119E-01    1.6282E+05    1.3812E+05    1.8830E+05    1.0234E+05    2.0037E+05
  2.8184E-01    1.1741E+05    1.0071E+05    1.3541E+05    7.4558E+04    1.4353E+05
  3.1623E-01    8.4614E+04    7.3624E+04    9.7681E+04    5.4471E+04    1.0307E+05
  3.5481E-01    6.1172E+04    5.3950E+04    7.0691E+04    3.9900E+04    7.4843E+04
  3.9811E-01    4.4361E+04    3.9618E+04    5.1316E+04    2.9296E+04    5.4683E+04
  4.4668E-01    3.2267E+04    2.9150E+04    3.7360E+04    2.1555E+04    4.0046E+04
  5.0119E-01    2.3536E+04    2.1482E+04    2.7274E+04    1.5887E+04    2.9390E+04
  5.6234E-01    1.7214E+04    1.5780E+04    1.9962E+04    1.1728E+04    2.1614E+04
  6.3096E-01    1.2620E+04    1.1600E+04    1.4642E+04    8.6708E+03    1.5924E+04
  7.0795E-01    9.2727E+03    8.5439E+03    1.0766E+04    6.4187E+03    1.1750E+04
  7.9433E-01    6.8268E+03    6.3037E+03    7.9660E+03    4.7569E+03    8.6822E+03
  8.9125E-01    5.0350E+03    4.6579E+03    5.9007E+03    3.5283E+03    6.4241E+03
  1.0000E+00    3.7342E+03    3.4462E+03    4.3652E+03    2.6193E+03    4.7590E+03
  1.1220E+00    2.7721E+03    2.5524E+03    3.2215E+03    1.9462E+03    3.5292E+03
  1.2589E+00    2.0598E+03    1.8926E+03    2.3886E+03    1.4470E+03    2.6192E+03
  1.4125E+00    1.5314E+03    1.4045E+03    1.7737E+03    1.0767E+03    1.9452E+03
  1.5849E+00    1.1394E+03    1.0432E+03    1.3180E+03    8.0161E+02    1.4461E+03
  1.7783E+00    8.4828E+02    7.7548E+02    9.8021E+02    5.9703E+02    1.0756E+03
  1.9953E+00    6.3178E+02    5.7679E+02    7.2945E+02    4.4484E+02    8.0066E+02
  2.2387E+00    4.7073E+02    4.2920E+02    5.4307E+02    3.3162E+02    5.9638E+02
  2.5119E+00    3.5092E+02    3.1957E+02    4.0450E+02    2.4728E+02    4.4436E+02
  2.8184E+00    2.6168E+02    2.3806E+02    3.0146E+02    1.8442E+02    3.3119E+02
  3.1623E+00    1.9518E+02    1.7738E+02    2.2474E+02    1.3761E+02    2.4697E+02
  3.5481E+00    1.4563E+02    1.3222E+02    1.6759E+02    1.0273E+02    1.8422E+02
  3.9811E+00    1.0871E+02    9.8608E+01    1.2502E+02    7.6714E+01    1.3743E+02
  4.4668E+00    8.1174E+01    7.3568E+01    9.3316E+01    5.7291E+01    1.0258E+02
  5.0119E+00    6.0623E+01    5.4904E+01    6.9672E+01    4.2781E+01    7.6612E+01
  5.6234E+00    4.5268E+01    4.0970E+01    5.2030E+01    3.1960E+01    5.7234E+01
  6.3096E+00    3.3812E+01    3.0579E+01    3.8853E+01    2.3890E+01    4.2766E+01
  7.0795E+00    2.5267E+01    2.2835E+01    2.9024E+01    1.7863E+01    3.1950E+01
  7.9433E+00    1.8886E+01    1.7058E+01    2.1694E+01    1.3356E+01    2.3882E+01
  8.9125E+00    1.4117E+01    1.2744E+01    1.6220E+01    9.9858E+00    1.7864E+01
  1.0000E+01    1.0553E+01    9.5204E+00    1.2130E+01    7.4651E+00    1.3367E+01
  1.1220E+01    7.8939E+00    7.1122E+00    9.0716E+00    5.5785E+00    1.0002E+01
  1.2589E+01    5.9050E+00    5.3106E+00    6.7852E+00    4.1689E+00    7.4827E+00
  1.4125E+01    4.4170E+00    3.9641E+00    5.0738E+00    3.1153E+00    5.5978E+00
  1.5849E+01    3.3054E+00    2.9589E+00    3.7944E+00    2.3257E+00    4.1857E+00
  1.7783E+01    2.4738E+00    2.2069E+00    2.8380E+00    1.7334E+00    3.1294E+00
  1.9953E+01    1.8504E+00    1.6439E+00    2.1213E+00    1.2890E+00    2.3396E+00
  2.2387E+01    1.3825E+00    1.2222E+00    1.5838E+00    9.5537E-01    1.7470E+00
  2.5119E+01    1.0310E+00    9.0631E-01    1.1805E+00    7.0512E-01    1.3022E+00
  2.8184E+01    7.6683E-01    6.6982E-01    8.7763E-01    5.1765E-01    9.6811E-01
  3.1623E+01    5.6827E-01    4.9299E-01    6.5030E-01    3.7751E-01    7.1729E-01
  3.5481E+01    4.1909E-01    3.6094E-01    4.7979E-01    2.7316E-01    5.2914E-01
  3.9811E+01    3.0720E-01    2.6265E-01    3.5206E-01    1.9576E-01    3.8827E-01
  4.4668E+01    2.2353E-01    1.8974E-01    2.5667E-01    1.3870E-01    2.8307E-01
  5.0119E+01    1.6113E-01    1.3582E-01    1.8564E-01    9.7164E-02    2.0485E-01
  5.6234E+01    1.1490E-01    9.6256E-02    1.3298E-01    6.7296E-02    1.4692E-01
  6.3096E+01    8.1070E-02    6.7584E-02    9.4308E-02    4.6000E-02    1.0424E-01
  7.0795E+01    5.6546E-02    4.6945E-02    6.6214E-02    3.1014E-02    7.3182E-02
  7.9433E+01    3.8930E-02    3.2227E-02    4.6628E-02    2.0736E-02    5.1158E-02
  8.9125E+01    2.7049E-02    2.1862E-02    3.2121E-02    1.3887E-02    3.5324E-02
