# Differential number counts predicted by the model of Bethermin, Dole, Lagache, Le Borgne and Penin (2010, submitted to A&A)
# This file contains the prediction for SPT 2mm (150 GHz)
# column 1: S (in Jy)
# column 2: median dN/dS (gal/Jy/sr)
# column 3: 1-sigma inf dN/dS (gal/Jy/sr)
# column 4: 1-sigma sup dN/dS (gal/Jy/sr)
# column 5: 2-sigma inf dN/dS (gal/Jy/sr)
# column 6: 2-sigma sup dN/dS (gal/Jy/sr)
# WARNING: Due to the grid in redshift, there is an artficial deviation from the euclidian behavior at very high flux (S>1Jy). Use the model in this regime with caution.
# desc: flux@@float dnds_median@@float dnds_inf1@@float dnds_sup1@@float dnds_inf2@@float dnds_sup2@@float
  1.0000E-08    2.4653E+16    1.2353E+16    4.3377E+16    4.0997E+15    5.8353E+16
  1.1220E-08    2.1572E+16    1.0952E+16    3.7707E+16    3.7138E+15    5.0391E+16
  1.2589E-08    1.8877E+16    9.7086E+15    3.2778E+16    3.3642E+15    4.3515E+16
  1.4125E-08    1.6518E+16    8.6068E+15    2.8492E+16    3.0474E+15    3.7577E+16
  1.5849E-08    1.4454E+16    7.6299E+15    2.4768E+16    2.7605E+15    3.2450E+16
  1.7783E-08    1.2648E+16    6.7639E+15    2.1530E+16    2.5006E+15    2.8022E+16
  1.9953E-08    1.1067E+16    5.9963E+15    1.8715E+16    2.2652E+15    2.4203E+16
  2.2387E-08    9.6856E+15    5.3157E+15    1.6273E+16    2.0520E+15    2.0904E+16
  2.5119E-08    8.4771E+15    4.7139E+15    1.4148E+16    1.8588E+15    1.8054E+16
  2.8184E-08    7.4189E+15    4.1718E+15    1.2301E+16    1.6844E+15    1.5593E+16
  3.1623E-08    6.4926E+15    3.6834E+15    1.0694E+16    1.5260E+15    1.3467E+16
  3.5481E-08    5.6818E+15    3.2520E+15    9.2972E+15    1.3824E+15    1.1631E+16
  3.9811E-08    4.9722E+15    2.8711E+15    8.0825E+15    1.2523E+15    1.0045E+16
  4.4668E-08    4.3511E+15    2.5348E+15    7.0264E+15    1.1344E+15    8.6745E+15
  5.0119E-08    3.8075E+15    2.2378E+15    6.1082E+15    1.0277E+15    7.4914E+15
  5.6234E-08    3.3319E+15    1.9757E+15    5.3100E+15    9.3095E+14    6.4695E+15
  6.3096E-08    2.9156E+15    1.7442E+15    4.6160E+15    8.4332E+14    5.5869E+15
  7.0795E-08    2.5514E+15    1.5398E+15    4.0127E+15    7.6394E+14    4.8247E+15
  7.9433E-08    2.2326E+15    1.3594E+15    3.4882E+15    6.9202E+14    4.1665E+15
  8.9125E-08    1.9537E+15    1.2001E+15    3.0323E+15    6.2688E+14    3.5981E+15
  1.0000E-07    1.7096E+15    1.0595E+15    2.6359E+15    5.6787E+14    3.1072E+15
  1.1220E-07    1.4960E+15    9.4021E+14    2.2914E+15    5.1441E+14    2.6832E+15
  1.2589E-07    1.3159E+15    8.4852E+14    1.9919E+15    4.6599E+14    2.3171E+15
  1.4125E-07    1.1579E+15    7.6578E+14    1.7315E+15    4.2213E+14    2.0051E+15
  1.5849E-07    1.0189E+15    6.8631E+14    1.5052E+15    3.8239E+14    1.7403E+15
  1.7783E-07    8.9654E+14    6.0842E+14    1.3085E+15    3.4640E+14    1.5104E+15
  1.9953E-07    7.8842E+14    5.3937E+14    1.1375E+15    3.1380E+14    1.3109E+15
  2.2387E-07    6.8936E+14    4.7816E+14    9.8879E+14    2.8427E+14    1.1378E+15
  2.5119E-07    6.0200E+14    4.2390E+14    8.5955E+14    2.5751E+14    9.8749E+14
  2.8184E-07    5.2666E+14    3.7579E+14    7.4720E+14    2.3328E+14    8.5705E+14
  3.1623E-07    4.6080E+14    3.3314E+14    6.4954E+14    2.1133E+14    7.4384E+14
  3.5481E-07    4.0290E+14    2.9534E+14    5.6466E+14    1.9144E+14    6.4558E+14
  3.9811E-07    3.5229E+14    2.6183E+14    4.9087E+14    1.7343E+14    5.6031E+14
  4.4668E-07    3.0803E+14    2.3212E+14    4.2674E+14    1.5712E+14    4.8630E+14
  5.0119E-07    2.6934E+14    2.0579E+14    3.7099E+14    1.4175E+14    4.2207E+14
  5.6234E-07    2.3551E+14    1.8245E+14    3.2253E+14    1.2619E+14    3.6632E+14
  6.3096E-07    2.0593E+14    1.6175E+14    2.8040E+14    1.1235E+14    3.1792E+14
  7.0795E-07    1.8241E+14    1.4341E+14    2.4378E+14    1.0003E+14    2.7592E+14
  7.9433E-07    1.6468E+14    1.2715E+14    2.1195E+14    8.9054E+13    2.3946E+14
  8.9125E-07    1.4868E+14    1.1274E+14    1.8428E+14    7.9289E+13    2.0782E+14
  1.0000E-06    1.3127E+14    9.9959E+13    1.6024E+14    7.0596E+13    1.8035E+14
  1.1220E-06    1.1535E+14    8.8634E+13    1.3933E+14    6.2859E+13    1.5652E+14
  1.2589E-06    1.0073E+14    7.8596E+13    1.2116E+14    5.5972E+13    1.3583E+14
  1.4125E-06    8.7977E+13    6.9699E+13    1.0537E+14    4.9840E+13    1.1787E+14
  1.5849E-06    7.6838E+13    6.1813E+13    9.1586E+13    4.4383E+13    1.0228E+14
  1.7783E-06    6.7112E+13    5.4824E+13    7.9424E+13    3.9525E+13    8.8749E+13
  1.9953E-06    5.8621E+13    4.8630E+13    6.8605E+13    3.5202E+13    7.7005E+13
  2.2387E-06    5.1207E+13    4.3142E+13    5.9338E+13    3.1353E+13    6.6811E+13
  2.5119E-06    4.4735E+13    3.8192E+13    5.1346E+13    2.7928E+13    5.9566E+13
  2.8184E-06    3.9085E+13    3.3580E+13    4.4430E+13    2.4879E+13    5.3849E+13
  3.1623E-06    3.4154E+13    2.9530E+13    3.8447E+13    2.2166E+13    4.8693E+13
  3.5481E-06    2.9850E+13    2.6652E+13    3.3271E+13    1.9752E+13    4.4043E+13
  3.9811E-06    2.6095E+13    2.3479E+13    2.9410E+13    1.7603E+13    3.9848E+13
  4.4668E-06    2.2738E+13    2.0574E+13    2.6028E+13    1.5690E+13    3.6064E+13
  5.0119E-06    1.9854E+13    1.8041E+13    2.2958E+13    1.3986E+13    3.2652E+13
  5.6234E-06    1.7465E+13    1.5831E+13    2.0034E+13    1.2469E+13    2.9573E+13
  6.3096E-06    1.5289E+13    1.3903E+13    1.7581E+13    1.1117E+13    2.6794E+13
  7.0795E-06    1.3391E+13    1.2219E+13    1.5559E+13    9.9121E+12    2.4283E+13
  7.9433E-06    1.1824E+13    1.0748E+13    1.3777E+13    8.8363E+12    2.2013E+13
  8.9125E-06    1.0424E+13    9.4571E+12    1.2158E+13    7.8739E+12    1.9958E+13
  1.0000E-05    9.0451E+12    8.3374E+12    1.0803E+13    7.0084E+12    1.8092E+13
  1.1220E-05    7.8972E+12    7.3582E+12    9.5606E+12    6.2278E+12    1.6388E+13
  1.2589E-05    6.9181E+12    6.4616E+12    8.4546E+12    5.5239E+12    1.4826E+13
  1.4125E-05    6.0479E+12    5.6564E+12    7.4669E+12    4.8880E+12    1.3392E+13
  1.5849E-05    5.2796E+12    4.9486E+12    6.5894E+12    4.3129E+12    1.2068E+13
  1.7783E-05    4.6269E+12    4.3296E+12    5.8136E+12    3.7997E+12    1.0841E+13
  1.9953E-05    4.0448E+12    3.7823E+12    5.1107E+12    3.3417E+12    9.7194E+12
  2.2387E-05    3.5077E+12    3.2760E+12    4.4613E+12    2.9184E+12    8.6858E+12
  2.5119E-05    3.0498E+12    2.8170E+12    3.8714E+12    2.5254E+12    7.7049E+12
  2.8184E-05    2.6351E+12    2.4114E+12    3.3426E+12    2.1687E+12    6.7791E+12
  3.1623E-05    2.2632E+12    2.0534E+12    2.9140E+12    1.8500E+12    5.9176E+12
  3.5481E-05    1.9309E+12    1.7536E+12    2.5358E+12    1.5678E+12    5.1213E+12
  3.9811E-05    1.6340E+12    1.4602E+12    2.1929E+12    1.3194E+12    4.3907E+12
  4.4668E-05    1.3706E+12    1.2048E+12    1.8827E+12    1.1027E+12    3.7239E+12
  5.0119E-05    1.1394E+12    9.9202E+11    1.6044E+12    9.1588E+11    3.1223E+12
  5.6234E-05    9.3387E+11    8.1154E+11    1.3572E+12    7.5616E+11    2.5865E+12
  6.3096E-05    7.5626E+11    6.5898E+11    1.1323E+12    6.2062E+11    2.1155E+12
  7.0795E-05    6.0617E+11    5.3146E+11    9.3590E+11    5.0653E+11    1.7072E+12
  7.9433E-05    4.8136E+11    4.2647E+11    7.6805E+11    4.1136E+11    1.3589E+12
  8.9125E-05    3.8106E+11    3.3937E+11    6.2554E+11    3.2884E+11    1.0667E+12
  1.0000E-04    2.9955E+11    2.6889E+11    5.0540E+11    2.5932E+11    8.2542E+11
  1.1220E-04    2.3341E+11    2.1186E+11    4.0484E+11    2.0334E+11    6.2966E+11
  1.2589E-04    1.8050E+11    1.6488E+11    3.2127E+11    1.5855E+11    4.7343E+11
  1.4125E-04    1.4167E+11    1.2648E+11    2.5240E+11    1.2287E+11    3.5079E+11
  1.5849E-04    1.1059E+11    9.6189E+10    1.9613E+11    9.4602E+10    2.5616E+11
  1.7783E-04    8.4448E+10    7.2471E+10    1.5062E+11    7.1715E+10    1.8432E+11
  1.9953E-04    6.4112E+10    5.4911E+10    1.1426E+11    5.3786E+10    1.3069E+11
  2.2387E-04    4.9144E+10    4.1270E+10    8.5546E+10    3.9869E+10    9.5319E+10
  2.5119E-04    3.7247E+10    3.0149E+10    6.2897E+10    2.9035E+10    7.1597E+10
  2.8184E-04    2.7901E+10    2.1855E+10    4.2678E+10    2.0730E+10    5.3081E+10
  3.1623E-04    2.0650E+10    1.5784E+10    2.8555E+10    1.4051E+10    3.8833E+10
  3.5481E-04    1.5085E+10    1.1046E+10    2.0352E+10    9.3862E+09    2.8032E+10
  3.9811E-04    1.0886E+10    7.6395E+09    1.4688E+10    6.1949E+09    1.9956E+10
  4.4668E-04    7.7614E+09    5.2250E+09    1.0115E+10    4.0252E+09    1.4022E+10
  5.0119E-04    4.9924E+09    3.5223E+09    6.7092E+09    2.5560E+09    9.7252E+09
  5.6234E-04    3.1129E+09    2.3403E+09    4.3810E+09    1.6016E+09    6.6328E+09
  6.3096E-04    2.0852E+09    1.5404E+09    2.9970E+09    9.9589E+08    4.4557E+09
  7.0795E-04    1.3892E+09    1.0061E+09    2.0389E+09    6.1349E+08    2.9573E+09
  7.9433E-04    9.1360E+08    6.5010E+08    1.3708E+09    3.7470E+08    1.9404E+09
  8.9125E-04    5.8098E+08    4.1203E+08    9.1132E+08    2.2731E+08    1.2591E+09
  1.0000E-03    3.6574E+08    2.5446E+08    6.0002E+08    1.3729E+08    8.0893E+08
  1.1220E-03    2.2925E+08    1.5440E+08    3.8592E+08    8.2782E+07    5.1550E+08
  1.2589E-03    1.4328E+08    9.6079E+07    2.4705E+08    4.9999E+07    3.2631E+08
  1.4125E-03    8.9354E+07    5.9680E+07    1.5833E+08    3.0365E+07    2.0536E+08
  1.5849E-03    5.5636E+07    3.7092E+07    1.0077E+08    1.8604E+07    1.2863E+08
  1.7783E-03    3.4604E+07    2.3113E+07    6.3813E+07    1.1515E+07    8.0295E+07
  1.9953E-03    2.1510E+07    1.4449E+07    4.0273E+07    7.2350E+06    4.9999E+07
  2.2387E-03    1.3104E+07    9.0840E+06    2.5376E+07    4.6236E+06    3.1090E+07
  2.5119E-03    8.2080E+06    5.7626E+06    1.5987E+07    3.0078E+06    1.9319E+07
  2.8184E-03    5.1719E+06    3.6811E+06    1.0082E+07    1.9908E+06    1.2003E+07
  3.1623E-03    3.2416E+06    2.3610E+06    6.3691E+06    1.3389E+06    7.5335E+06
  3.5481E-03    2.0841E+06    1.5236E+06    4.0375E+06    9.1305E+05    4.8018E+06
  3.9811E-03    1.3402E+06    9.9031E+05    2.5628E+06    6.2982E+05    3.0512E+06
  4.4668E-03    8.6239E+05    6.4869E+05    1.6305E+06    4.3864E+05    1.9330E+06
  5.0119E-03    5.6429E+05    4.2826E+05    1.0396E+06    3.0778E+05    1.2359E+06
  5.6234E-03    3.7066E+05    2.8336E+05    6.6410E+05    2.1719E+05    7.9302E+05
  6.3096E-03    2.4313E+05    1.8952E+05    4.1899E+05    1.5408E+05    5.0903E+05
  7.0795E-03    1.6010E+05    1.2862E+05    2.6512E+05    1.0976E+05    3.2706E+05
  7.9433E-03    1.0611E+05    8.8367E+04    1.6939E+05    7.8435E+04    2.1049E+05
  8.9125E-03    7.2141E+04    6.0969E+04    1.0937E+05    5.6190E+04    1.3597E+05
  1.0000E-02    5.0682E+04    4.2687E+04    7.1568E+04    3.8441E+04    8.8371E+04
  1.1220E-02    3.6196E+04    3.0031E+04    4.6948E+04    2.6642E+04    5.7852E+04
  1.2589E-02    2.5809E+04    2.1335E+04    3.0768E+04    1.8357E+04    3.8195E+04
  1.4125E-02    1.8499E+04    1.5276E+04    2.0631E+04    1.2754E+04    2.5496E+04
  1.5849E-02    1.3294E+04    1.0857E+04    1.4493E+04    8.9771E+03    1.7234E+04
  1.7783E-02    9.2212E+03    7.7904E+03    1.0297E+04    6.3786E+03    1.1813E+04
  1.9953E-02    6.4853E+03    5.6263E+03    7.4482E+03    4.5670E+03    8.1947E+03
  2.2387E-02    4.6669E+03    4.0821E+03    5.4501E+03    3.3009E+03    5.7636E+03
  2.5119E-02    3.4244E+03    2.9830E+03    3.9410E+03    2.4044E+03    4.1897E+03
  2.8184E-02    2.5149E+03    2.1922E+03    2.8726E+03    1.7606E+03    3.0610E+03
  3.1623E-02    1.8278E+03    1.6165E+03    2.1059E+03    1.2946E+03    2.2457E+03
  3.5481E-02    1.3396E+03    1.1951E+03    1.5500E+03    9.5615E+02    1.6524E+03
  3.9811E-02    9.9277E+02    8.8692E+02    1.1425E+03    7.0573E+02    1.2191E+03
  4.4668E-02    7.3509E+02    6.5716E+02    8.4632E+02    5.1929E+02    9.0142E+02
  5.0119E-02    5.4218E+02    4.8491E+02    6.2726E+02    3.8218E+02    6.6563E+02
  5.6234E-02    3.9920E+02    3.5774E+02    4.6325E+02    2.8090E+02    4.9035E+02
  6.3096E-02    2.9354E+02    2.6337E+02    3.4172E+02    2.0559E+02    3.6100E+02
  7.0795E-02    2.1486E+02    1.9284E+02    2.5192E+02    1.4953E+02    2.6524E+02
  7.9433E-02    1.5636E+02    1.4008E+02    1.8638E+02    1.0785E+02    1.9411E+02
  8.9125E-02    1.1272E+02    1.0068E+02    1.3725E+02    7.7061E+01    1.4128E+02
  1.0000E-01    8.1374E+01    7.1537E+01    1.0040E+02    5.4455E+01    1.0215E+02
  1.1220E-01    5.8589E+01    5.0145E+01    7.2376E+01    3.7958E+01    7.3316E+01
  1.2589E-01    4.1729E+01    3.4581E+01    5.1600E+01    2.6079E+01    5.2291E+01
  1.4125E-01    2.9427E+01    2.3433E+01    3.6334E+01    1.7723E+01    3.6896E+01
  1.5849E-01    2.0474E+01    1.5701E+01    2.5249E+01    1.1778E+01    2.5687E+01
  1.7783E-01    1.3902E+01    1.0390E+01    1.7354E+01    7.5805E+00    1.7751E+01
  1.9953E-01    9.2225E+00    6.7509E+00    1.1589E+01    4.7954E+00    1.2069E+01
  2.2387E-01    6.0137E+00    4.3224E+00    7.5080E+00    2.9882E+00    8.0379E+00
  2.5119E-01    3.8444E+00    2.7119E+00    4.8846E+00    1.8228E+00    5.2880E+00
  2.8184E-01    2.4014E+00    1.6653E+00    3.0828E+00    1.0879E+00    3.4371E+00
  3.1623E-01    1.4637E+00    9.9958E-01    1.9041E+00    6.3463E-01    2.1986E+00
  3.5481E-01    8.7015E-01    5.8671E-01    1.1559E+00    3.6229E-01    1.3828E+00
  3.9811E-01    5.0508E-01    3.3727E-01    6.8885E-01    2.0271E-01    8.5449E-01
  4.4668E-01    2.8621E-01    1.8969E-01    4.0190E-01    1.1104E-01    5.1902E-01
  5.0119E-01    1.5826E-01    1.0438E-01    2.2996E-01    5.9551E-02    3.0999E-01
  5.6234E-01    8.5446E-02    5.6255E-02    1.2900E-01    3.1309E-02    1.8187E-01
  6.3096E-01    4.3192E-02    2.9714E-02    7.0913E-02    1.6145E-02    1.0482E-01
  7.0795E-01    2.1365E-02    1.5393E-02    3.8236E-02    8.1708E-03    5.9367E-02
  7.9433E-01    1.1015E-02    7.6395E-03    2.0238E-02    4.0605E-03    3.3052E-02
  8.9125E-01    5.5789E-03    3.6986E-03    1.0522E-02    1.9822E-03    1.8094E-02
  1.0000E+00    2.7777E-03    1.7545E-03    5.3758E-03    9.5122E-04    9.7426E-03
  1.1220E+00    1.3410E-03    8.1654E-04    2.7006E-03    4.4876E-04    5.1614E-03
  1.2589E+00    6.3640E-04    3.7292E-04    1.3347E-03    2.0830E-04    2.6914E-03
  1.4125E+00    2.9786E-04    1.6727E-04    6.4916E-04    9.5114E-05    1.3818E-03
  1.5849E+00    1.3723E-04    7.2976E-05    3.1089E-04    4.2761E-05    6.9878E-04
  1.7783E+00    6.2769E-05    3.0865E-05    1.4662E-04    1.8487E-05    3.4816E-04
  1.9953E+00    2.8266E-05    1.3576E-05    6.8136E-05    7.7752E-06    1.7099E-04
  2.2387E+00    1.2536E-05    5.6831E-06    3.1203E-05    3.2162E-06    8.2798E-05
  2.5119E+00    5.4775E-06    2.3395E-06    1.4283E-05    1.3081E-06    3.9554E-05
  2.8184E+00    2.3555E-06    9.4594E-07    6.5022E-06    5.2240E-07    1.8635E-05
  3.1623E+00    9.9741E-07    3.7643E-07    2.9279E-06    2.0529E-07    8.6567E-06
  3.5481E+00    4.1655E-07    1.4728E-07    1.3072E-06    7.9464E-08    3.9702E-06
  3.9811E+00    1.6705E-07    5.6505E-08    5.7794E-07    3.0200E-08    1.7988E-06
  4.4668E+00    6.5837E-08    2.1303E-08    2.5232E-07    1.0418E-08    8.0454E-07
  5.0119E+00    2.5552E-08    7.9072E-09    1.0922E-07    3.5268E-09    3.6655E-07
  5.6234E+00    9.7977E-09    2.8974E-09    4.7270E-08    1.1746E-09    1.7050E-07
  6.3096E+00    3.6882E-09    1.0347E-09    1.9812E-08    3.8090E-10    7.6649E-08
  7.0795E+00    1.3526E-09    3.6169E-10    8.0499E-09    1.2033E-10    3.3799E-08
  7.9433E+00    4.8924E-10    1.2541E-10    3.2923E-09    3.7520E-11    1.5085E-08
  8.9125E+00    1.7597E-10    4.4169E-11    1.3514E-09    1.1549E-11    6.7447E-09
  1.0000E+01    6.2571E-11    1.5580E-11    5.5025E-10    3.4940E-12    2.9919E-09
  1.1220E+01    2.2094E-11    5.2475E-12    2.2200E-10    1.0380E-12    1.3170E-09
  1.2589E+01    7.8722E-12    1.7418E-12    8.8680E-11    3.0280E-13    5.7499E-10
  1.4125E+01    2.7686E-12    5.7033E-13    3.5122E-11    8.6756E-14    2.4934E-10
  1.5849E+01    9.6140E-13    1.8422E-13    1.3799E-11    2.4420E-14    1.0736E-10
  1.7783E+01    3.2941E-13    5.8616E-14    5.3661E-12    6.7485E-15    4.5795E-11
  1.9953E+01    1.1130E-13    1.8366E-14    2.0627E-12    1.8302E-15    1.9334E-11
  2.2387E+01    3.7082E-14    5.6668E-15    7.8360E-13    4.8707E-16    8.0781E-12
  2.5119E+01    1.2404E-14    1.7216E-15    2.9415E-13    1.2721E-16    3.3400E-12
  2.8184E+01    4.1017E-15    5.1501E-16    1.0910E-13    3.2605E-17    1.3665E-12
  3.1623E+01    1.3384E-15    1.5168E-16    3.9982E-14    8.2003E-18    5.5316E-13
  3.5481E+01    4.3085E-16    4.3990E-17    1.4474E-14    2.0238E-18    2.2154E-13
  3.9811E+01    1.3685E-16    1.2561E-17    5.1765E-15    4.9011E-19    8.7786E-14
  4.4668E+01    4.2889E-17    3.5316E-18    1.8286E-15    1.1652E-19    3.4411E-14
  5.0119E+01    1.3259E-17    9.7746E-19    6.3808E-16    2.7182E-20    1.3345E-14
  5.6234E+01    4.0442E-18    2.6646E-19    2.1991E-16    6.2238E-21    5.1191E-15
  6.3096E+01    1.2169E-18    7.1503E-20    7.4860E-17    1.3984E-21    1.9426E-15
  7.0795E+01    3.6126E-19    1.8889E-20    2.5169E-17    3.0839E-22    7.2916E-16
  7.9433E+01    1.0581E-19    4.9131E-21    8.3567E-18    6.6749E-23    2.7076E-16
  8.9125E+01    3.0963E-20    1.2595E-21    2.7409E-18    1.4183E-23    9.9746E-17
