# Differential number counts predicted by the model of Bethermin, Dole, Lagache, Le Borgne and Penin (2010, submitted to A&A)
# This file contains the prediction for Spitzer MIPS 24 um
# column 1: S (in Jy)
# column 2: median dN/dS (gal/Jy/sr)
# column 3: 1-sigma inf dN/dS (gal/Jy/sr)
# column 4: 1-sigma sup dN/dS (gal/Jy/sr)
# column 5: 2-sigma inf dN/dS (gal/Jy/sr)
# column 6: 2-sigma sup dN/dS (gal/Jy/sr)
# WARNING: Due to the grid in redshift, there is an artficial deviation from the euclidian behavior at very high flux (S>1Jy). Use the model in this regime with caution.
# desc: flux@@float dnds_median@@float dnds_inf1@@float dnds_sup1@@float dnds_inf2@@float dnds_sup2@@float
  1.0000E-08    2.6671E+16    1.2048E+16    4.7659E+16    5.3900E+15    6.7345E+16
  1.1220E-08    2.3351E+16    1.0680E+16    4.1363E+16    4.8820E+15    5.8156E+16
  1.2589E-08    2.0443E+16    9.4678E+15    3.5898E+16    4.4217E+15    5.0220E+16
  1.4125E-08    1.7898E+16    8.3930E+15    3.1155E+16    4.0048E+15    4.3367E+16
  1.5849E-08    1.5669E+16    7.4402E+15    2.7038E+16    3.6272E+15    3.7450E+16
  1.7783E-08    1.3718E+16    6.6778E+15    2.3466E+16    3.2849E+15    3.2339E+16
  1.9953E-08    1.2010E+16    6.0231E+15    2.0365E+16    2.9748E+15    2.7926E+16
  2.2387E-08    1.0515E+16    5.4319E+15    1.7676E+16    2.6939E+15    2.4118E+16
  2.5119E-08    9.2072E+15    4.8993E+15    1.5342E+16    2.4399E+15    2.0829E+16
  2.8184E-08    8.0613E+15    4.3501E+15    1.3316E+16    2.2094E+15    1.7988E+16
  3.1623E-08    7.0579E+15    3.8406E+15    1.1557E+16    2.0004E+15    1.5534E+16
  3.5481E-08    6.1793E+15    3.3906E+15    1.0030E+16    1.8109E+15    1.3415E+16
  3.9811E-08    5.4100E+15    2.9933E+15    8.7052E+15    1.6392E+15    1.1584E+16
  4.4668E-08    4.7364E+15    2.6425E+15    7.5550E+15    1.4836E+15    1.0004E+16
  5.0119E-08    4.1466E+15    2.3328E+15    6.5567E+15    1.3425E+15    8.6388E+15
  5.6234E-08    3.6302E+15    2.0594E+15    5.6903E+15    1.2145E+15    7.4601E+15
  6.3096E-08    3.1781E+15    1.8179E+15    4.9382E+15    1.0985E+15    6.4420E+15
  7.0795E-08    2.7822E+15    1.6048E+15    4.2854E+15    9.9325E+14    5.5628E+15
  7.9433E-08    2.4356E+15    1.4166E+15    3.7188E+15    8.9779E+14    4.8036E+15
  8.9125E-08    2.1322E+15    1.2504E+15    3.2271E+15    8.1118E+14    4.1480E+15
  1.0000E-07    1.8665E+15    1.1038E+15    2.8003E+15    7.2437E+14    3.5818E+15
  1.1220E-07    1.6338E+15    9.7424E+14    2.4299E+15    6.4453E+14    3.0928E+15
  1.2589E-07    1.4302E+15    8.5990E+14    2.1084E+15    5.7348E+14    2.6706E+15
  1.4125E-07    1.2519E+15    7.5896E+14    1.8295E+15    5.1023E+14    2.3059E+15
  1.5849E-07    1.0958E+15    6.6986E+14    1.5874E+15    4.5396E+14    1.9911E+15
  1.7783E-07    9.5913E+14    5.9119E+14    1.3773E+15    4.0389E+14    1.7192E+15
  1.9953E-07    8.3950E+14    5.2175E+14    1.1950E+15    3.5934E+14    1.4844E+15
  2.2387E-07    7.3477E+14    4.6205E+14    1.0369E+15    3.1971E+14    1.2816E+15
  2.5119E-07    6.4310E+14    4.0920E+14    8.9963E+14    2.8445E+14    1.1066E+15
  2.8184E-07    5.6286E+14    3.6238E+14    7.8057E+14    2.5308E+14    9.5542E+14
  3.1623E-07    4.9263E+14    3.2094E+14    6.7728E+14    2.2519E+14    8.2491E+14
  3.5481E-07    4.3116E+14    2.8426E+14    5.8768E+14    2.0039E+14    7.1222E+14
  3.9811E-07    3.7738E+14    2.5183E+14    5.1002E+14    1.7835E+14    6.1494E+14
  4.4668E-07    3.3034E+14    2.2317E+14    4.4335E+14    1.5877E+14    5.3097E+14
  5.0119E-07    2.8839E+14    1.9784E+14    3.8543E+14    1.4136E+14    4.5848E+14
  5.6234E-07    2.5181E+14    1.7544E+14    3.3512E+14    1.2590E+14    3.9591E+14
  6.3096E-07    2.1990E+14    1.5566E+14    2.9142E+14    1.1215E+14    3.4191E+14
  7.0795E-07    1.9207E+14    1.3818E+14    2.5345E+14    9.9931E+13    2.9530E+14
  7.9433E-07    1.6780E+14    1.2274E+14    2.2047E+14    8.9069E+13    2.5508E+14
  8.9125E-07    1.4662E+14    1.0909E+14    1.9182E+14    7.9411E+13    2.2038E+14
  1.0000E-06    1.2814E+14    9.7000E+13    1.6692E+14    7.0820E+13    1.9042E+14
  1.1220E-06    1.1225E+14    8.6285E+13    1.4528E+14    6.3172E+13    1.6456E+14
  1.2589E-06    9.9052E+13    7.6761E+13    1.2646E+14    5.6356E+13    1.4223E+14
  1.4125E-06    8.7368E+13    6.8275E+13    1.1007E+14    5.0274E+13    1.2294E+14
  1.5849E-06    7.6515E+13    6.0696E+13    9.5814E+13    4.4841E+13    1.0627E+14
  1.7783E-06    6.6970E+13    5.3914E+13    8.3391E+13    3.9983E+13    9.1846E+13
  1.9953E-06    5.8598E+13    4.7488E+13    7.2565E+13    3.5637E+13    7.9372E+13
  2.2387E-06    5.1464E+13    4.0633E+13    6.3129E+13    3.1746E+13    6.8578E+13
  2.5119E-06    4.5190E+13    3.4763E+13    5.4902E+13    2.8262E+13    5.9380E+13
  2.8184E-06    3.9613E+13    2.9827E+13    4.7730E+13    2.5071E+13    5.1376E+13
  3.1623E-06    3.4662E+13    2.6297E+13    4.1479E+13    2.1800E+13    4.4418E+13
  3.5481E-06    3.0277E+13    2.3170E+13    3.6031E+13    1.8967E+13    3.8377E+13
  3.9811E-06    2.6401E+13    2.0402E+13    3.1286E+13    1.6523E+13    3.3141E+13
  4.4668E-06    2.2987E+13    1.7956E+13    2.7157E+13    1.4423E+13    2.8609E+13
  5.0119E-06    1.9991E+13    1.5796E+13    2.3566E+13    1.2619E+13    2.4690E+13
  5.6234E-06    1.7368E+13    1.3891E+13    2.0442E+13    1.1070E+13    2.1306E+13
  6.3096E-06    1.5078E+13    1.2212E+13    1.7727E+13    9.7394E+12    1.8386E+13
  7.0795E-06    1.3124E+13    1.0733E+13    1.5367E+13    8.5938E+12    1.5868E+13
  7.9433E-06    1.1449E+13    9.4336E+12    1.3319E+13    7.6046E+12    1.3698E+13
  8.9125E-06    9.9802E+12    8.2922E+12    1.1543E+13    6.7475E+12    1.1827E+13
  1.0000E-05    8.6732E+12    7.2909E+12    9.9899E+12    6.0018E+12    1.0215E+13
  1.1220E-05    7.5447E+12    6.4136E+12    8.6077E+12    5.3503E+12    8.8255E+12
  1.2589E-05    6.5707E+12    5.6453E+12    7.4191E+12    4.7784E+12    7.6280E+12
  1.4125E-05    5.7299E+12    4.9727E+12    6.3972E+12    4.2742E+12    6.5957E+12
  1.5849E-05    5.0032E+12    4.3837E+12    5.5186E+12    3.8274E+12    5.7055E+12
  1.7783E-05    4.3738E+12    3.8672E+12    4.7631E+12    3.4302E+12    4.9378E+12
  1.9953E-05    3.8277E+12    3.4142E+12    4.1134E+12    3.0759E+12    4.2757E+12
  2.2387E-05    3.3526E+12    3.0164E+12    3.5544E+12    2.7586E+12    3.7045E+12
  2.5119E-05    2.9247E+12    2.6660E+12    3.0925E+12    2.4731E+12    3.2186E+12
  2.8184E-05    2.5602E+12    2.3565E+12    2.6973E+12    2.2151E+12    2.7965E+12
  3.1623E-05    2.2404E+12    2.0819E+12    2.3512E+12    1.9767E+12    2.4284E+12
  3.5481E-05    1.9586E+12    1.8477E+12    2.0471E+12    1.7504E+12    2.1063E+12
  3.9811E-05    1.7124E+12    1.6222E+12    1.7749E+12    1.5469E+12    1.8239E+12
  4.4668E-05    1.4885E+12    1.4212E+12    1.5351E+12    1.3634E+12    1.5757E+12
  5.0119E-05    1.2862E+12    1.2401E+12    1.3238E+12    1.1975E+12    1.3573E+12
  5.6234E-05    1.1137E+12    1.0785E+12    1.1397E+12    1.0474E+12    1.1668E+12
  6.3096E-05    9.6168E+11    9.3321E+11    9.8120E+11    9.1137E+11    9.9834E+11
  7.0795E-05    8.2356E+11    8.0028E+11    8.4065E+11    7.8835E+11    8.4943E+11
  7.9433E-05    6.9954E+11    6.8423E+11    7.1627E+11    6.7338E+11    7.1829E+11
  8.9125E-05    5.9364E+11    5.7937E+11    6.0342E+11    5.6771E+11    6.0863E+11
  1.0000E-04    4.9896E+11    4.8709E+11    5.0347E+11    4.7586E+11    5.1258E+11
  1.1220E-04    4.1616E+11    4.0592E+11    4.2068E+11    3.9630E+11    4.2762E+11
  1.2589E-04    3.4295E+11    3.3584E+11    3.4817E+11    3.2768E+11    3.5320E+11
  1.4125E-04    2.8102E+11    2.7537E+11    2.8510E+11    2.6881E+11    2.8941E+11
  1.5849E-04    2.2785E+11    2.2344E+11    2.3092E+11    2.1857E+11    2.3509E+11
  1.7783E-04    1.8282E+11    1.7933E+11    1.8558E+11    1.7605E+11    1.8895E+11
  1.9953E-04    1.4508E+11    1.4248E+11    1.4743E+11    1.4034E+11    1.5016E+11
  2.2387E-04    1.1381E+11    1.1173E+11    1.1544E+11    1.1067E+11    1.1795E+11
  2.5119E-04    8.8238E+10    8.6580E+10    8.9301E+10    8.5874E+10    9.1539E+10
  2.8184E-04    6.7800E+10    6.6620E+10    6.8459E+10    6.5737E+10    7.0195E+10
  3.1623E-04    5.1313E+10    5.0539E+10    5.1863E+10    4.9787E+10    5.3200E+10
  3.5481E-04    3.8438E+10    3.7922E+10    3.8972E+10    3.7315E+10    3.9866E+10
  3.9811E-04    2.8517E+10    2.8168E+10    2.8957E+10    2.7670E+10    2.9563E+10
  4.4668E-04    2.0997E+10    2.0728E+10    2.1272E+10    2.0338E+10    2.1714E+10
  5.0119E-04    1.5336E+10    1.5124E+10    1.5499E+10    1.4837E+10    1.5818E+10
  5.6234E-04    1.1106E+10    1.0906E+10    1.1217E+10    1.0757E+10    1.1443E+10
  6.3096E-04    7.9915E+09    7.8406E+09    8.0936E+09    7.7605E+09    8.2561E+09
  7.0795E-04    5.7349E+09    5.6306E+09    5.8145E+09    5.5796E+09    5.9362E+09
  7.9433E-04    4.1037E+09    4.0272E+09    4.1646E+09    3.9901E+09    4.2542E+09
  8.9125E-04    2.9318E+09    2.8791E+09    2.9776E+09    2.8469E+09    3.0433E+09
  1.0000E-03    2.0940E+09    2.0608E+09    2.1307E+09    2.0341E+09    2.1762E+09
  1.1220E-03    1.5040E+09    1.4802E+09    1.5261E+09    1.4573E+09    1.5576E+09
  1.2589E-03    1.0801E+09    1.0647E+09    1.0957E+09    1.0478E+09    1.1170E+09
  1.4125E-03    7.7924E+08    7.6925E+08    7.8960E+08    7.5657E+08    8.0362E+08
  1.5849E-03    5.6423E+08    5.5511E+08    5.7050E+08    5.4875E+08    5.8200E+08
  1.7783E-03    4.1032E+08    4.0372E+08    4.1595E+08    3.9980E+08    4.2313E+08
  1.9953E-03    3.0002E+08    2.9476E+08    3.0455E+08    2.9116E+08    3.0878E+08
  2.2387E-03    2.2002E+08    2.1600E+08    2.2329E+08    2.1216E+08    2.2612E+08
  2.5119E-03    1.6159E+08    1.5882E+08    1.6445E+08    1.5515E+08    1.6611E+08
  2.8184E-03    1.1887E+08    1.1712E+08    1.2142E+08    1.1383E+08    1.2280E+08
  3.1623E-03    8.7690E+07    8.6585E+07    8.9872E+07    8.3752E+07    9.1180E+07
  3.5481E-03    6.5089E+07    6.4146E+07    6.6660E+07    6.1773E+07    6.7820E+07
  3.9811E-03    4.8330E+07    4.7602E+07    4.9526E+07    4.5658E+07    5.0510E+07
  4.4668E-03    3.5824E+07    3.5365E+07    3.6846E+07    3.3808E+07    3.7654E+07
  5.0119E-03    2.6589E+07    2.6300E+07    2.7458E+07    2.5070E+07    2.8089E+07
  5.6234E-03    1.9758E+07    1.9577E+07    2.0460E+07    1.8614E+07    2.0963E+07
  6.3096E-03    1.4729E+07    1.4583E+07    1.5260E+07    1.3834E+07    1.5650E+07
  7.0795E-03    1.0985E+07    1.0869E+07    1.1389E+07    1.0291E+07    1.1685E+07
  7.9433E-03    8.1965E+06    8.1046E+06    8.5033E+06    7.6600E+06    8.7263E+06
  8.9125E-03    6.1179E+06    6.0456E+06    6.3512E+06    5.7052E+06    6.5176E+06
  1.0000E-02    4.5677E+06    4.5108E+06    4.7449E+06    4.2510E+06    4.8681E+06
  1.1220E-02    3.4105E+06    3.3658E+06    3.5451E+06    3.1686E+06    3.6359E+06
  1.2589E-02    2.5468E+06    2.5089E+06    2.6492E+06    2.3628E+06    2.7158E+06
  1.4125E-02    1.9021E+06    1.8707E+06    1.9799E+06    1.7623E+06    2.0287E+06
  1.5849E-02    1.4207E+06    1.3949E+06    1.4798E+06    1.3148E+06    1.5154E+06
  1.7783E-02    1.0611E+06    1.0403E+06    1.1060E+06    9.8114E+05    1.1320E+06
  1.9953E-02    7.9268E+05    7.7602E+05    8.2679E+05    7.3227E+05    8.4570E+05
  2.2387E-02    5.9214E+05    5.7890E+05    6.1802E+05    5.4665E+05    6.3177E+05
  2.5119E-02    4.4238E+05    4.3193E+05    4.6202E+05    4.0813E+05    4.7203E+05
  2.8184E-02    3.3051E+05    3.2229E+05    3.4538E+05    3.0475E+05    3.5267E+05
  3.1623E-02    2.4693E+05    2.4051E+05    2.5821E+05    2.2761E+05    2.6353E+05
  3.5481E-02    1.8452E+05    1.7952E+05    1.9306E+05    1.7001E+05    1.9693E+05
  3.9811E-02    1.3788E+05    1.3400E+05    1.4434E+05    1.2701E+05    1.4716E+05
  4.4668E-02    1.0305E+05    1.0004E+05    1.0793E+05    9.4880E+04    1.1005E+05
  5.0119E-02    7.7020E+04    7.4698E+04    8.0714E+04    7.0805E+04    8.2344E+04
  5.6234E-02    5.7560E+04    5.5773E+04    6.0351E+04    5.2854E+04    6.1602E+04
  6.3096E-02    4.3030E+04    4.1657E+04    4.5140E+04    3.9457E+04    4.6089E+04
  7.0795E-02    3.2167E+04    3.1113E+04    3.3757E+04    2.9459E+04    3.4491E+04
  7.9433E-02    2.4047E+04    2.3240E+04    2.5248E+04    2.2004E+04    2.5806E+04
  8.9125E-02    1.7986E+04    1.7368E+04    1.8891E+04    1.6434E+04    1.9315E+04
  1.0000E-01    1.3448E+04    1.2975E+04    1.4129E+04    1.2273E+04    1.4457E+04
  1.1220E-01    1.0052E+04    9.6926E+03    1.0567E+04    9.1696E+03    1.0813E+04
  1.2589E-01    7.5184E+03    7.2450E+03    7.9078E+03    6.8533E+03    8.0921E+03
  1.4125E-01    5.6256E+03    5.4168E+03    5.9185E+03    5.1205E+03    6.0595E+03
  1.5849E-01    4.2067E+03    4.0478E+03    4.4270E+03    3.8258E+03    4.5356E+03
  1.7783E-01    3.1452E+03    3.0248E+03    3.3117E+03    2.8603E+03    3.3932E+03
  1.9953E-01    2.3541E+03    2.2625E+03    2.4796E+03    2.1393E+03    2.5406E+03
  2.2387E-01    1.7627E+03    1.6927E+03    1.8569E+03    1.5993E+03    1.9040E+03
  2.5119E-01    1.3191E+03    1.2654E+03    1.3895E+03    1.1952E+03    1.4257E+03
  2.8184E-01    9.8660E+02    9.4554E+02    1.0394E+03    8.9326E+02    1.0664E+03
  3.1623E-01    7.3795E+02    7.0656E+02    7.7762E+02    6.6821E+02    7.9774E+02
  3.5481E-01    5.5263E+02    5.2872E+02    5.8261E+02    5.0027E+02    5.9737E+02
  3.9811E-01    4.1440E+02    3.9595E+02    4.3680E+02    3.7428E+02    4.4816E+02
  4.4668E-01    3.1045E+02    2.9615E+02    3.2708E+02    2.7986E+02    3.3593E+02
  5.0119E-01    2.3231E+02    2.2134E+02    2.4484E+02    2.0927E+02    2.5138E+02
  5.6234E-01    1.7384E+02    1.6543E+02    1.8329E+02    1.5648E+02    1.8811E+02
  6.3096E-01    1.3011E+02    1.2364E+02    1.3716E+02    1.1700E+02    1.4083E+02
  7.0795E-01    9.7370E+01    9.2389E+01    1.0261E+02    8.7541E+01    1.0545E+02
  7.9433E-01    7.2932E+01    6.9122E+01    7.6934E+01    6.5547E+01    7.9019E+01
  8.9125E-01    5.4691E+01    5.1755E+01    5.7739E+01    4.9010E+01    5.9322E+01
  1.0000E+00    4.0934E+01    3.8664E+01    4.3247E+01    3.6564E+01    4.4465E+01
  1.1220E+00    3.0527E+01    2.8801E+01    3.2269E+01    2.7222E+01    3.3191E+01
  1.2589E+00    2.2697E+01    2.1399E+01    2.4050E+01    2.0216E+01    2.4698E+01
  1.4125E+00    1.6817E+01    1.5851E+01    1.7891E+01    1.4964E+01    1.8316E+01
  1.5849E+00    1.2408E+01    1.1696E+01    1.3263E+01    1.1031E+01    1.3540E+01
  1.7783E+00    9.1092E+00    8.5931E+00    9.7800E+00    8.0918E+00    1.0047E+01
  1.9953E+00    6.6553E+00    6.3078E+00    7.1730E+00    5.9005E+00    7.4190E+00
  2.2387E+00    4.8320E+00    4.6104E+00    5.2274E+00    4.2745E+00    5.4445E+00
  2.5119E+00    3.4856E+00    3.3531E+00    3.7932E+00    3.0736E+00    3.9668E+00
  2.8184E+00    2.5039E+00    2.4169E+00    2.7168E+00    2.1965E+00    2.8645E+00
  3.1623E+00    1.7981E+00    1.7205E+00    1.9406E+00    1.5621E+00    2.0551E+00
  3.5481E+00    1.2841E+00    1.2218E+00    1.3807E+00    1.1024E+00    1.4654E+00
  3.9811E+00    9.0594E-01    8.6016E-01    9.7362E-01    7.6962E-01    1.0325E+00
  4.4668E+00    6.2673E-01    5.9671E-01    6.7888E-01    5.3231E-01    7.1744E-01
  5.0119E+00    4.3647E-01    4.0807E-01    4.6941E-01    3.6527E-01    4.9335E-01
  5.6234E+00    3.0161E-01    2.7669E-01    3.2217E-01    2.4882E-01    3.3588E-01
  6.3096E+00    2.0567E-01    1.8608E-01    2.1842E-01    1.6835E-01    2.2955E-01
  7.0795E+00    1.3913E-01    1.2412E-01    1.4669E-01    1.1319E-01    1.5572E-01
  7.9433E+00    9.2909E-02    8.2547E-02    9.7728E-02    7.5661E-02    1.0495E-01
  8.9125E+00    6.1457E-02    5.4878E-02    6.5875E-02    5.0289E-02    7.0278E-02
  1.0000E+01    4.0888E-02    3.6195E-02    4.4486E-02    3.3245E-02    4.6780E-02
  1.1220E+01    2.6815E-02    2.3722E-02    2.9535E-02    2.1850E-02    3.0956E-02
  1.2589E+01    1.7569E-02    1.5430E-02    1.9408E-02    1.4271E-02    2.0900E-02
  1.4125E+01    1.1273E-02    9.9562E-03    1.2662E-02    9.1178E-03    1.4219E-02
  1.5849E+01    7.1612E-03    6.3675E-03    8.1920E-03    5.7017E-03    9.6575E-03
  1.7783E+01    4.4826E-03    4.0354E-03    5.2552E-03    3.5264E-03    6.5358E-03
  1.9953E+01    2.7743E-03    2.5037E-03    3.3388E-03    2.1557E-03    4.3994E-03
  2.2387E+01    1.7392E-03    1.5195E-03    2.1008E-03    1.3023E-03    2.9396E-03
  2.5119E+01    1.0618E-03    9.3188E-04    1.3077E-03    7.7710E-04    1.9476E-03
  2.8184E+01    6.4128E-04    5.4225E-04    8.0546E-04    4.5798E-04    1.2784E-03
  3.1623E+01    3.8321E-04    3.1536E-04    4.9064E-04    2.6654E-04    8.3076E-04
  3.5481E+01    2.2646E-04    1.8201E-04    2.9557E-04    1.5316E-04    5.3451E-04
  3.9811E+01    1.3236E-04    1.0370E-04    1.7620E-04    8.6903E-05    3.4042E-04
  4.4668E+01    7.6504E-05    5.8306E-05    1.0460E-04    4.8679E-05    2.1467E-04
  5.0119E+01    4.3722E-05    3.2416E-05    6.1392E-05    2.6923E-05    1.3405E-04
  5.6234E+01    2.4867E-05    1.7906E-05    3.5640E-05    1.4701E-05    8.2915E-05
  6.3096E+01    1.4014E-05    9.7672E-06    2.0548E-05    7.8084E-06    5.0809E-05
  7.0795E+01    7.8109E-06    5.2595E-06    1.1966E-05    3.9964E-06    3.0853E-05
  7.9433E+01    4.3058E-06    2.7967E-06    6.8971E-06    2.0136E-06    1.8561E-05
  8.9125E+01    2.3470E-06    1.4679E-06    3.9633E-06    9.9810E-07    1.1127E-05
