# Differential number counts predicted by the model of Bethermin, Dole, Lagache, Le Borgne and Penin (2010, submitted to A&A)
# This file contains the prediction for ISO 15 um
# column 1: S (in Jy)
# column 2: median dN/dS (gal/Jy/sr)
# column 3: 1-sigma inf dN/dS (gal/Jy/sr)
# column 4: 1-sigma sup dN/dS (gal/Jy/sr)
# column 5: 2-sigma inf dN/dS (gal/Jy/sr)
# column 6: 2-sigma sup dN/dS (gal/Jy/sr)
# WARNING: Due to the grid in redshift, there is an artficial deviation from the euclidian behavior at very high flux (S>1Jy). Use the model in this regime with caution.
# desc: flux@@float dnds_median@@float dnds_inf1@@float dnds_sup1@@float dnds_inf2@@float dnds_sup2@@float
  1.0000E-08    2.5463E+16    1.1846E+16    4.3166E+16    5.3999E+15    6.0945E+16
  1.1220E-08    2.2292E+16    1.0502E+16    3.7463E+16    4.8913E+15    5.2630E+16
  1.2589E-08    1.9517E+16    9.3098E+15    3.2513E+16    4.4304E+15    4.5448E+16
  1.4125E-08    1.7087E+16    8.2529E+15    2.8217E+16    4.0130E+15    3.9246E+16
  1.5849E-08    1.4959E+16    7.3566E+15    2.4489E+16    3.6348E+15    3.3891E+16
  1.7783E-08    1.3097E+16    6.6373E+15    2.1254E+16    3.2921E+15    2.9267E+16
  1.9953E-08    1.1466E+16    5.9881E+15    1.8445E+16    2.9817E+15    2.5273E+16
  2.2387E-08    1.0038E+16    5.4022E+15    1.6009E+16    2.7006E+15    2.1827E+16
  2.5119E-08    8.7900E+15    4.7761E+15    1.3895E+16    2.4463E+15    1.8850E+16
  2.8184E-08    7.6960E+15    4.2169E+15    1.2060E+16    2.2156E+15    1.6279E+16
  3.1623E-08    6.7381E+15    3.7228E+15    1.0467E+16    2.0066E+15    1.4058E+16
  3.5481E-08    5.8994E+15    3.2867E+15    9.0848E+15    1.8171E+15    1.2140E+16
  3.9811E-08    5.1650E+15    2.9015E+15    7.8847E+15    1.6454E+15    1.0484E+16
  4.4668E-08    4.5219E+15    2.5615E+15    6.8429E+15    1.4898E+15    9.0536E+15
  5.0119E-08    3.9589E+15    2.2613E+15    5.9387E+15    1.3488E+15    7.8182E+15
  5.6234E-08    3.4659E+15    1.9963E+15    5.1540E+15    1.2210E+15    6.7515E+15
  6.3096E-08    3.0343E+15    1.7623E+15    4.4727E+15    1.1051E+15    5.8301E+15
  7.0795E-08    2.6564E+15    1.5557E+15    3.8815E+15    1.0000E+15    5.0345E+15
  7.9433E-08    2.3253E+15    1.3733E+15    3.3684E+15    9.0480E+14    4.3474E+15
  8.9125E-08    2.0294E+15    1.2122E+15    2.9230E+15    8.1128E+14    3.7541E+15
  1.0000E-07    1.7710E+15    1.0700E+15    2.5365E+15    7.2196E+14    3.2416E+15
  1.1220E-07    1.5455E+15    9.4452E+14    2.2010E+15    6.4244E+14    2.7991E+15
  1.2589E-07    1.3486E+15    8.3446E+14    1.9098E+15    5.7165E+14    2.4170E+15
  1.4125E-07    1.1768E+15    7.3930E+14    1.6571E+15    5.0863E+14    2.0870E+15
  1.5849E-07    1.0268E+15    6.5495E+14    1.4378E+15    4.5255E+14    1.8020E+15
  1.7783E-07    8.9596E+14    5.8021E+14    1.2475E+15    4.0265E+14    1.5560E+15
  1.9953E-07    7.8175E+14    5.1398E+14    1.0824E+15    3.5825E+14    1.3435E+15
  2.2387E-07    6.8209E+14    4.5529E+14    9.3980E+14    3.1874E+14    1.1600E+15
  2.5119E-07    5.9512E+14    4.0328E+14    8.1667E+14    2.8358E+14    1.0015E+15
  2.8184E-07    5.1924E+14    3.5721E+14    7.0967E+14    2.5231E+14    8.6470E+14
  3.1623E-07    4.5846E+14    3.1640E+14    6.1669E+14    2.2449E+14    7.4656E+14
  3.5481E-07    4.0763E+14    2.8028E+14    5.3590E+14    1.9975E+14    6.4456E+14
  3.9811E-07    3.5654E+14    2.4831E+14    4.6572E+14    1.7776E+14    5.5650E+14
  4.4668E-07    3.1166E+14    2.2005E+14    4.0477E+14    1.5822E+14    4.8048E+14
  5.0119E-07    2.7246E+14    1.9508E+14    3.5184E+14    1.4086E+14    4.1487E+14
  5.6234E-07    2.3822E+14    1.7300E+14    3.0586E+14    1.2543E+14    3.5823E+14
  6.3096E-07    2.0830E+14    1.5347E+14    2.6592E+14    1.1171E+14    3.0950E+14
  7.0795E-07    1.8216E+14    1.3620E+14    2.3123E+14    9.9522E+13    2.6851E+14
  7.9433E-07    1.5934E+14    1.2095E+14    2.0111E+14    8.8689E+13    2.3296E+14
  8.9125E-07    1.3942E+14    1.0747E+14    1.7496E+14    7.9063E+13    2.0213E+14
  1.0000E-06    1.2271E+14    9.5555E+13    1.5224E+14    7.0506E+13    1.7541E+14
  1.1220E-06    1.0835E+14    8.5005E+13    1.3251E+14    6.2893E+13    1.5224E+14
  1.2589E-06    9.5666E+13    7.5647E+13    1.1536E+14    5.6116E+13    1.3216E+14
  1.4125E-06    8.3959E+13    6.7329E+13    1.0045E+14    5.0076E+13    1.1474E+14
  1.5849E-06    7.3590E+13    5.9918E+13    8.7482E+13    4.4688E+13    9.9616E+13
  1.7783E-06    6.4577E+13    5.3299E+13    7.6193E+13    3.9876E+13    8.6471E+13
  1.9953E-06    5.6634E+13    4.7377E+13    6.6360E+13    3.5573E+13    7.5033E+13
  2.2387E-06    4.9662E+13    4.2071E+13    5.7793E+13    3.1723E+13    6.5071E+13
  2.5119E-06    4.3539E+13    3.7309E+13    5.0323E+13    2.8275E+13    5.6392E+13
  2.8184E-06    3.8157E+13    3.3032E+13    4.3806E+13    2.5185E+13    4.8831E+13
  3.1623E-06    3.3425E+13    2.8795E+13    3.8118E+13    2.2414E+13    4.2248E+13
  3.5481E-06    2.9264E+13    2.4575E+13    3.3079E+13    1.9928E+13    3.6524E+13
  3.9811E-06    2.5603E+13    2.0993E+13    2.8629E+13    1.7698E+13    3.1550E+13
  4.4668E-06    2.2382E+13    1.7958E+13    2.4765E+13    1.5698E+13    2.7234E+13
  5.0119E-06    1.9549E+13    1.5446E+13    2.1407E+13    1.3906E+13    2.3492E+13
  5.6234E-06    1.7037E+13    1.3580E+13    1.8489E+13    1.2085E+13    2.0250E+13
  6.3096E-06    1.4735E+13    1.1925E+13    1.5954E+13    1.0508E+13    1.7444E+13
  7.0795E-06    1.2727E+13    1.0460E+13    1.3752E+13    9.1489E+12    1.5018E+13
  7.9433E-06    1.0980E+13    9.1643E+12    1.1915E+13    7.9767E+12    1.2922E+13
  8.9125E-06    9.4655E+12    8.0203E+12    1.0323E+13    6.9651E+12    1.1113E+13
  1.0000E-05    8.1548E+12    7.0119E+12    8.9337E+12    6.0910E+12    9.5536E+12
  1.1220E-05    7.0234E+12    6.1244E+12    7.7231E+12    5.3348E+12    8.2099E+12
  1.2589E-05    6.0430E+12    5.3446E+12    6.6282E+12    4.6793E+12    7.0533E+12
  1.4125E-05    5.1918E+12    4.6606E+12    5.6784E+12    4.1100E+12    6.0584E+12
  1.5849E-05    4.4788E+12    4.0612E+12    4.8620E+12    3.6144E+12    5.2030E+12
  1.7783E-05    3.8674E+12    3.5368E+12    4.1610E+12    3.1820E+12    4.4675E+12
  1.9953E-05    3.3363E+12    3.0608E+12    3.5706E+12    2.8037E+12    3.8351E+12
  2.2387E-05    2.8785E+12    2.6399E+12    3.0831E+12    2.4716E+12    3.2912E+12
  2.5119E-05    2.4827E+12    2.2781E+12    2.6371E+12    2.1793E+12    2.8232E+12
  2.8184E-05    2.1407E+12    1.9669E+12    2.2550E+12    1.9211E+12    2.4204E+12
  3.1623E-05    1.8332E+12    1.7141E+12    1.9279E+12    1.6889E+12    2.0735E+12
  3.5481E-05    1.5741E+12    1.4896E+12    1.6480E+12    1.4681E+12    1.7747E+12
  3.9811E-05    1.3554E+12    1.3032E+12    1.4084E+12    1.2687E+12    1.5173E+12
  4.4668E-05    1.1616E+12    1.1344E+12    1.2032E+12    1.0962E+12    1.2955E+12
  5.0119E-05    1.0037E+12    9.8578E+11    1.0274E+12    9.4460E+11    1.1044E+12
  5.6234E-05    8.6886E+11    8.4956E+11    8.7979E+11    8.1124E+11    9.4461E+11
  6.3096E-05    7.4530E+11    7.2532E+11    7.6004E+11    6.8802E+11    8.0906E+11
  7.0795E-05    6.3720E+11    6.1716E+11    6.5718E+11    5.8146E+11    6.9182E+11
  7.9433E-05    5.4673E+11    5.2277E+11    5.6532E+11    4.9036E+11    5.9031E+11
  8.9125E-05    4.6587E+11    4.4284E+11    4.8211E+11    4.1245E+11    5.0235E+11
  1.0000E-04    3.9425E+11    3.7560E+11    4.1031E+11    3.4581E+11    4.2605E+11
  1.1220E-04    3.3144E+11    3.1518E+11    3.4610E+11    2.8878E+11    3.5981E+11
  1.2589E-04    2.7741E+11    2.6271E+11    2.8917E+11    2.3994E+11    3.0225E+11
  1.4125E-04    2.2923E+11    2.1722E+11    2.3929E+11    1.9813E+11    2.5226E+11
  1.5849E-04    1.8925E+11    1.7793E+11    1.9594E+11    1.6237E+11    2.0891E+11
  1.7783E-04    1.5430E+11    1.4449E+11    1.5859E+11    1.3186E+11    1.7145E+11
  1.9953E-04    1.2361E+11    1.1578E+11    1.2730E+11    1.0594E+11    1.3920E+11
  2.2387E-04    9.7574E+10    9.0835E+10    1.0166E+11    8.4088E+10    1.1167E+11
  2.5119E-04    7.5655E+10    7.0077E+10    7.9433E+10    6.5852E+10    8.8390E+10
  2.8184E-04    5.7715E+10    5.3247E+10    6.1527E+10    5.0101E+10    6.8966E+10
  3.1623E-04    4.3621E+10    3.9853E+10    4.6925E+10    3.7438E+10    5.3008E+10
  3.5481E-04    3.2360E+10    2.9397E+10    3.5239E+10    2.7555E+10    4.0125E+10
  3.9811E-04    2.3823E+10    2.1405E+10    2.6013E+10    1.9997E+10    2.9919E+10
  4.4668E-04    1.7307E+10    1.5605E+10    1.8891E+10    1.4329E+10    2.1990E+10
  5.0119E-04    1.2426E+10    1.1144E+10    1.3560E+10    1.0158E+10    1.5950E+10
  5.6234E-04    8.8334E+09    7.8737E+09    9.6397E+09    7.1410E+09    1.1434E+10
  6.3096E-04    6.2307E+09    5.5352E+09    6.8035E+09    4.9910E+09    8.1176E+09
  7.0795E-04    4.3711E+09    3.8817E+09    4.7842E+09    3.4781E+09    5.7202E+09
  7.9433E-04    3.0575E+09    2.7220E+09    3.3633E+09    2.4235E+09    4.0108E+09
  8.9125E-04    2.1375E+09    1.9130E+09    2.3619E+09    1.6930E+09    2.8053E+09
  1.0000E-03    1.4969E+09    1.3500E+09    1.6603E+09    1.1882E+09    1.9622E+09
  1.1220E-03    1.0522E+09    9.5778E+08    1.1702E+09    8.3931E+08    1.3755E+09
  1.2589E-03    7.4335E+08    6.8380E+08    8.2896E+08    5.9717E+08    9.6807E+08
  1.4125E-03    5.2836E+08    4.8947E+08    5.9237E+08    4.2809E+08    6.8497E+08
  1.5849E-03    3.7798E+08    3.5031E+08    4.2594E+08    3.0909E+08    4.8759E+08
  1.7783E-03    2.7362E+08    2.5229E+08    3.0808E+08    2.2459E+08    3.4927E+08
  1.9953E-03    1.9971E+08    1.8272E+08    2.2398E+08    1.6406E+08    2.5168E+08
  2.2387E-03    1.4642E+08    1.3298E+08    1.6356E+08    1.2034E+08    1.8234E+08
  2.5119E-03    1.0772E+08    9.7164E+07    1.1985E+08    8.8544E+07    1.3271E+08
  2.8184E-03    7.9453E+07    7.1206E+07    8.8047E+07    6.5285E+07    9.6942E+07
  3.1623E-03    5.8703E+07    5.2295E+07    6.4804E+07    4.8195E+07    7.1016E+07
  3.5481E-03    4.3414E+07    3.8460E+07    4.7752E+07    3.5598E+07    5.2128E+07
  3.9811E-03    3.2134E+07    2.8307E+07    3.5208E+07    2.6296E+07    3.8314E+07
  4.4668E-03    2.3818E+07    2.0841E+07    2.5965E+07    1.9417E+07    2.8182E+07
  5.0119E-03    1.7640E+07    1.5343E+07    1.9145E+07    1.4329E+07    2.0735E+07
  5.6234E-03    1.3052E+07    1.1291E+07    1.4111E+07    1.0566E+07    1.5255E+07
  6.3096E-03    9.6470E+06    8.3149E+06    1.0395E+07    7.7836E+06    1.1219E+07
  7.0795E-03    7.1218E+06    6.1207E+06    7.6516E+06    5.7289E+06    8.2472E+06
  7.9433E-03    5.2515E+06    4.5022E+06    5.6284E+06    4.2131E+06    6.0586E+06
  8.9125E-03    3.8680E+06    3.3094E+06    4.1372E+06    3.0959E+06    4.4479E+06
  1.0000E-02    2.8459E+06    2.4311E+06    3.0389E+06    2.2736E+06    3.2633E+06
  1.1220E-02    2.0920E+06    1.7853E+06    2.2309E+06    1.6692E+06    2.3927E+06
  1.2589E-02    1.5368E+06    1.3109E+06    1.6370E+06    1.2253E+06    1.7537E+06
  1.4125E-02    1.1283E+06    9.6256E+05    1.2009E+06    8.9953E+05    1.2849E+06
  1.5849E-02    8.2823E+05    7.0696E+05    8.8095E+05    6.6061E+05    9.4136E+05
  1.7783E-02    6.0801E+05    5.1950E+05    6.4633E+05    4.8548E+05    6.8974E+05
  1.9953E-02    4.4652E+05    3.8205E+05    4.7440E+05    3.5708E+05    5.0555E+05
  2.2387E-02    3.2879E+05    2.8119E+05    3.4841E+05    2.6289E+05    3.7077E+05
  2.5119E-02    2.4229E+05    2.0717E+05    2.5635E+05    1.9375E+05    2.7212E+05
  2.8184E-02    1.7872E+05    1.5279E+05    1.8880E+05    1.4296E+05    1.9991E+05
  3.1623E-02    1.3169E+05    1.1281E+05    1.3918E+05    1.0562E+05    1.4705E+05
  3.5481E-02    9.7101E+04    8.3408E+04    1.0273E+05    7.8132E+04    1.0828E+05
  3.9811E-02    7.1664E+04    6.1728E+04    7.5914E+04    5.7856E+04    7.9811E+04
  4.4668E-02    5.2950E+04    4.5732E+04    5.6158E+04    4.2890E+04    5.8903E+04
  5.0119E-02    3.9167E+04    3.3918E+04    4.1591E+04    3.1827E+04    4.3531E+04
  5.6234E-02    2.9033E+04    2.5177E+04    3.0836E+04    2.3634E+04    3.2208E+04
  6.3096E-02    2.1548E+04    1.8701E+04    2.2881E+04    1.7564E+04    2.3855E+04
  7.0795E-02    1.6009E+04    1.3903E+04    1.6994E+04    1.3066E+04    1.7686E+04
  7.9433E-02    1.1905E+04    1.0348E+04    1.2634E+04    9.7281E+03    1.3126E+04
  8.9125E-02    8.8583E+03    7.7057E+03    9.4000E+03    7.2455E+03    9.7506E+03
  1.0000E-01    6.5945E+03    5.7400E+03    6.9976E+03    5.3981E+03    7.2481E+03
  1.1220E-01    4.9115E+03    4.2771E+03    5.2116E+03    4.0233E+03    5.3908E+03
  1.2589E-01    3.6602E+03    3.1890E+03    3.8834E+03    3.0006E+03    4.0117E+03
  1.4125E-01    2.7293E+03    2.3794E+03    2.8957E+03    2.2390E+03    2.9875E+03
  1.5849E-01    2.0357E+03    1.7758E+03    2.1603E+03    1.6708E+03    2.2260E+03
  1.7783E-01    1.5186E+03    1.3253E+03    1.6120E+03    1.2468E+03    1.6592E+03
  1.9953E-01    1.1330E+03    9.8927E+02    1.2031E+03    9.3048E+02    1.2369E+03
  2.2387E-01    8.4554E+02    7.3866E+02    8.9822E+02    6.9452E+02    9.2242E+02
  2.5119E-01    6.3106E+02    5.5157E+02    6.7073E+02    5.1848E+02    6.8805E+02
  2.8184E-01    4.7117E+02    4.1209E+02    5.0102E+02    3.8737E+02    5.1337E+02
  3.1623E-01    3.5202E+02    3.0826E+02    3.7452E+02    2.8968E+02    3.8325E+02
  3.5481E-01    2.6302E+02    2.3066E+02    2.8014E+02    2.1659E+02    2.8627E+02
  3.9811E-01    1.9648E+02    1.7248E+02    2.0954E+02    1.6188E+02    2.1384E+02
  4.4668E-01    1.4703E+02    1.2895E+02    1.5671E+02    1.2099E+02    1.5970E+02
  5.0119E-01    1.1005E+02    9.6381E+01    1.1719E+02    9.0418E+01    1.1926E+02
  5.6234E-01    8.2326E+01    7.1992E+01    8.7619E+01    6.7555E+01    8.9025E+01
  6.3096E-01    6.1526E+01    5.3687E+01    6.5478E+01    5.0440E+01    6.6420E+01
  7.0795E-01    4.5903E+01    3.9917E+01    4.8891E+01    3.7608E+01    4.9510E+01
  7.9433E-01    3.4170E+01    2.9621E+01    3.6371E+01    2.7972E+01    3.6854E+01
  8.9125E-01    2.5516E+01    2.1926E+01    2.6969E+01    2.0725E+01    2.7381E+01
  1.0000E+00    1.9029E+01    1.6185E+01    1.9943E+01    1.5270E+01    2.0289E+01
  1.1220E+00    1.4159E+01    1.1888E+01    1.4708E+01    1.1174E+01    1.4981E+01
  1.2589E+00    1.0394E+01    8.6495E+00    1.0846E+01    8.1071E+00    1.1015E+01
  1.4125E+00    7.5278E+00    6.2330E+00    7.9691E+00    5.8095E+00    8.0564E+00
  1.5849E+00    5.3888E+00    4.4337E+00    5.8122E+00    4.1009E+00    5.8479E+00
  1.7783E+00    3.8033E+00    3.1113E+00    4.1810E+00    2.8484E+00    4.2250E+00
  1.9953E+00    2.6480E+00    2.1508E+00    2.9660E+00    1.9434E+00    3.0311E+00
  2.2387E+00    1.8460E+00    1.4623E+00    2.0732E+00    1.3006E+00    2.1661E+00
  2.5119E+00    1.2709E+00    9.7692E-01    1.4262E+00    8.5270E-01    1.5431E+00
  2.8184E+00    8.6313E-01    6.4041E-01    9.6386E-01    5.4718E-01    1.0892E+00
  3.1623E+00    5.7795E-01    4.1182E-01    6.3917E-01    3.4347E-01    7.6012E-01
  3.5481E+00    3.8119E-01    2.5951E-01    4.1539E-01    2.1080E-01    5.2316E-01
  3.9811E+00    2.3654E-01    1.6030E-01    2.6521E-01    1.2650E-01    3.5424E-01
  4.4668E+00    1.4815E-01    9.7003E-02    1.6661E-01    7.4210E-02    2.3538E-01
  5.0119E+00    9.1589E-02    5.7538E-02    1.0247E-01    4.2579E-02    1.5316E-01
  5.6234E+00    5.4552E-02    3.3451E-02    6.1691E-02    2.3898E-02    9.7425E-02
  6.3096E+00    3.1530E-02    1.9073E-02    3.7417E-02    1.3129E-02    6.0511E-02
  7.0795E+00    1.7793E-02    1.0669E-02    2.2378E-02    7.0626E-03    3.6680E-02
  7.9433E+00    9.8192E-03    5.8588E-03    1.2903E-02    3.7228E-03    2.1704E-02
  8.9125E+00    5.3035E-03    3.1606E-03    7.1947E-03    1.9240E-03    1.2550E-02
  1.0000E+01    2.8045E-03    1.6758E-03    3.9171E-03    9.7554E-04    7.1017E-03
  1.1220E+01    1.4530E-03    8.7419E-04    2.0974E-03    4.8565E-04    3.9420E-03
  1.2589E+01    7.3792E-04    4.4392E-04    1.1032E-03    2.3751E-04    2.1513E-03
  1.4125E+01    3.6758E-04    2.1658E-04    5.7041E-04    1.1417E-04    1.1575E-03
  1.5849E+01    1.8628E-04    1.0774E-04    2.9019E-04    5.3979E-05    6.1547E-04
  1.7783E+01    9.1989E-05    5.2416E-05    1.4539E-04    2.5115E-05    3.2430E-04
  1.9953E+01    4.4004E-05    2.5075E-05    7.1796E-05    1.1505E-05    1.6964E-04
  2.2387E+01    2.0731E-05    1.1897E-05    3.4974E-05    5.1929E-06    8.8299E-05
  2.5119E+01    9.6236E-06    5.4932E-06    1.6821E-05    2.3100E-06    4.5777E-05
  2.8184E+01    4.4108E-06    2.4379E-06    7.9929E-06    1.0133E-06    2.3675E-05
  3.1623E+01    2.0763E-06    1.0651E-06    3.7551E-06    4.3846E-07    1.2216E-05
  3.5481E+01    9.6680E-07    4.5836E-07    1.7450E-06    1.8724E-07    6.2936E-06
  3.9811E+01    4.4537E-07    1.9434E-07    8.2060E-07    7.8936E-08    3.2362E-06
  4.4668E+01    2.0310E-07    8.1229E-08    3.9577E-07    3.2758E-08    1.6614E-06
  5.0119E+01    9.1691E-08    3.3475E-08    1.8994E-07    1.2422E-08    8.5083E-07
  5.6234E+01    4.1000E-08    1.3609E-08    9.0697E-08    4.6399E-09    4.3460E-07
  6.3096E+01    1.8160E-08    5.5708E-09    4.3073E-08    1.7076E-09    2.2124E-07
  7.0795E+01    7.9708E-09    2.2612E-09    2.0341E-08    6.1954E-10    1.1221E-07
  7.9433E+01    3.3661E-09    9.0833E-10    9.5450E-09    2.2162E-10    5.6655E-08
  8.9125E+01    1.3858E-09    3.6132E-10    4.4611E-09    7.8440E-11    2.8453E-08
