# Differential number counts predicted by the model of Bethermin, Dole, Lagache, Le Borgne and Penin (2010, submitted to A&A)
# This file contains the prediction for SCUBA 850 um
# column 1: S (in Jy)
# column 2: median dN/dS (gal/Jy/sr)
# column 3: 1-sigma inf dN/dS (gal/Jy/sr)
# column 4: 1-sigma sup dN/dS (gal/Jy/sr)
# column 5: 2-sigma inf dN/dS (gal/Jy/sr)
# column 6: 2-sigma sup dN/dS (gal/Jy/sr)
# WARNING: Due to the grid in redshift, there is an artficial deviation from the euclidian behavior at very high flux (S>1Jy). Use the model in this regime with caution.
# desc: flux@@float dnds_median@@float dnds_inf1@@float dnds_sup1@@float dnds_inf2@@float dnds_sup2@@float
  1.0000E-08    3.6454E+16    1.3730E+16    7.8751E+16    3.0518E+15    1.1960E+17
  1.1220E-08    3.1916E+16    1.2172E+16    6.8347E+16    2.7645E+15    1.0328E+17
  1.2589E-08    2.7942E+16    1.0791E+16    5.9318E+16    2.5042E+15    8.9190E+16
  1.4125E-08    2.4463E+16    9.5660E+15    5.1481E+16    2.2685E+15    7.7019E+16
  1.5849E-08    2.1417E+16    8.4803E+15    4.4679E+16    2.0549E+15    6.6510E+16
  1.7783E-08    1.8751E+16    7.5178E+15    3.8776E+16    1.8614E+15    5.7434E+16
  1.9953E-08    1.6416E+16    6.6645E+15    3.3653E+16    1.6862E+15    4.9605E+16
  2.2387E-08    1.4372E+16    5.9081E+15    2.9211E+16    1.5275E+15    4.2841E+16
  2.5119E-08    1.2587E+16    5.2386E+15    2.5357E+16    1.3837E+15    3.6999E+16
  2.8184E-08    1.1021E+16    4.6453E+15    2.2010E+16    1.2539E+15    3.1953E+16
  3.1623E-08    9.6501E+15    4.1188E+15    1.9105E+16    1.1360E+15    2.7595E+16
  3.5481E-08    8.4493E+15    3.6519E+15    1.6582E+16    1.0291E+15    2.3832E+16
  3.9811E-08    7.3977E+15    3.2377E+15    1.4393E+16    9.3230E+14    2.0582E+16
  4.4668E-08    6.4769E+15    2.8703E+15    1.2492E+16    8.4458E+14    1.7774E+16
  5.0119E-08    5.6707E+15    2.5447E+15    1.0842E+16    7.6509E+14    1.5350E+16
  5.6234E-08    4.9648E+15    2.2559E+15    9.4100E+15    6.9307E+14    1.3256E+16
  6.3096E-08    4.3467E+15    1.9999E+15    8.1671E+15    6.2784E+14    1.1447E+16
  7.0795E-08    3.8056E+15    1.7730E+15    7.0882E+15    5.6874E+14    9.8857E+15
  7.9433E-08    3.3318E+15    1.5718E+15    6.1518E+15    5.1520E+14    8.5370E+15
  8.9125E-08    2.9170E+15    1.3934E+15    5.3392E+15    4.6670E+14    7.3723E+15
  1.0000E-07    2.5538E+15    1.2352E+15    4.6338E+15    4.2276E+14    6.3664E+15
  1.1220E-07    2.2359E+15    1.0950E+15    4.0216E+15    3.8296E+14    5.4977E+15
  1.2589E-07    1.9575E+15    9.7075E+14    3.4904E+15    3.4690E+14    4.7476E+15
  1.4125E-07    1.7138E+15    8.6056E+14    3.0292E+15    3.1424E+14    4.0998E+15
  1.5849E-07    1.5004E+15    7.6289E+14    2.6290E+15    2.8466E+14    3.5404E+15
  1.7783E-07    1.3136E+15    6.7629E+14    2.2817E+15    2.5786E+14    3.0574E+15
  1.9953E-07    1.1500E+15    5.9953E+14    1.9802E+15    2.3358E+14    2.6402E+15
  2.2387E-07    1.0068E+15    5.3148E+14    1.7186E+15    2.1159E+14    2.2799E+15
  2.5119E-07    8.8146E+14    4.7115E+14    1.4915E+15    1.9167E+14    1.9688E+15
  2.8184E-07    7.7171E+14    4.1767E+14    1.2945E+15    1.7362E+14    1.7002E+15
  3.1623E-07    6.7562E+14    3.7027E+14    1.1235E+15    1.5728E+14    1.4682E+15
  3.5481E-07    5.9150E+14    3.2824E+14    9.7503E+14    1.4247E+14    1.2679E+15
  3.9811E-07    5.1785E+14    2.9098E+14    8.4622E+14    1.2906E+14    1.0948E+15
  4.4668E-07    4.5337E+14    2.5698E+14    7.3442E+14    1.1691E+14    9.4546E+14
  5.0119E-07    3.9692E+14    2.2686E+14    6.3739E+14    1.0590E+14    8.1645E+14
  5.6234E-07    3.4750E+14    2.0028E+14    5.5318E+14    9.5929E+13    7.0504E+14
  6.3096E-07    3.0424E+14    1.7680E+14    4.8010E+14    8.6898E+13    6.0884E+14
  7.0795E-07    2.6636E+14    1.5608E+14    4.1667E+14    7.8718E+13    5.2576E+14
  7.9433E-07    2.3319E+14    1.3822E+14    3.6163E+14    7.1307E+13    4.5402E+14
  8.9125E-07    2.0416E+14    1.2474E+14    3.1385E+14    6.4595E+13    3.9207E+14
  1.0000E-06    1.7874E+14    1.1099E+14    2.7239E+14    5.8515E+13    3.3857E+14
  1.1220E-06    1.5648E+14    9.8396E+13    2.3641E+14    5.3007E+13    2.9238E+14
  1.2589E-06    1.3700E+14    8.7230E+13    2.0518E+14    4.8018E+13    2.5248E+14
  1.4125E-06    1.1994E+14    7.7330E+13    1.7807E+14    4.3498E+13    2.1803E+14
  1.5849E-06    1.0501E+14    6.8555E+13    1.5455E+14    3.9405E+13    1.8828E+14
  1.7783E-06    9.1936E+13    6.0775E+13    1.3413E+14    3.5697E+13    1.6259E+14
  1.9953E-06    8.0490E+13    5.3879E+13    1.1642E+14    3.2337E+13    1.4041E+14
  2.2387E-06    7.0469E+13    4.7766E+13    1.0104E+14    2.9295E+13    1.2125E+14
  2.5119E-06    6.1696E+13    4.2347E+13    8.7696E+13    2.6539E+13    1.0471E+14
  2.8184E-06    5.4152E+13    3.7544E+13    7.6114E+13    2.4043E+13    9.0422E+13
  3.1623E-06    4.7589E+13    3.3285E+13    6.6128E+13    2.1782E+13    7.8086E+13
  3.5481E-06    4.1547E+13    2.9510E+13    5.7492E+13    1.9733E+13    6.7433E+13
  3.9811E-06    3.6272E+13    2.6164E+13    4.9985E+13    1.7878E+13    5.8233E+13
  4.4668E-06    3.1738E+13    2.3198E+13    4.3460E+13    1.5952E+13    5.0289E+13
  5.0119E-06    2.7787E+13    2.0569E+13    3.7789E+13    1.4206E+13    4.3429E+13
  5.6234E-06    2.4330E+13    1.8239E+13    3.2860E+13    1.2652E+13    3.7559E+13
  6.3096E-06    2.1834E+13    1.6173E+13    2.8574E+13    1.1269E+13    3.2598E+13
  7.0795E-06    1.9209E+13    1.4343E+13    2.4850E+13    1.0038E+13    2.8292E+13
  7.9433E-06    1.6799E+13    1.2720E+13    2.1612E+13    8.9427E+12    2.4554E+13
  8.9125E-06    1.4692E+13    1.1282E+13    1.8799E+13    7.9680E+12    2.1310E+13
  1.0000E-05    1.2931E+13    1.0007E+13    1.6353E+13    7.1006E+12    1.8495E+13
  1.1220E-05    1.1413E+13    8.8778E+12    1.4228E+13    6.3288E+12    1.6052E+13
  1.2589E-05    1.0076E+13    7.8771E+12    1.2381E+13    5.6417E+12    1.3931E+13
  1.4125E-05    8.8965E+12    6.9903E+12    1.0775E+13    5.0302E+12    1.2091E+13
  1.5849E-05    7.8572E+12    6.2042E+12    9.6184E+12    4.4860E+12    1.0493E+13
  1.7783E-05    6.9418E+12    5.5075E+12    8.6691E+12    4.0018E+12    9.1062E+12
  1.9953E-05    6.1363E+12    4.8901E+12    7.4906E+12    3.5713E+12    7.9027E+12
  2.2387E-05    5.4277E+12    4.3434E+12    6.4732E+12    3.1885E+12    7.0499E+12
  2.5119E-05    4.8039E+12    3.8594E+12    5.5950E+12    2.8482E+12    6.3541E+12
  2.8184E-05    4.2192E+12    3.4311E+12    4.8371E+12    2.5454E+12    5.7255E+12
  3.1623E-05    3.6799E+12    3.0429E+12    4.1828E+12    2.2762E+12    5.1571E+12
  3.5481E-05    3.2058E+12    2.7166E+12    3.6182E+12    2.0366E+12    4.6431E+12
  3.9811E-05    2.7942E+12    2.4199E+12    3.1360E+12    1.8235E+12    4.1781E+12
  4.4668E-05    2.4368E+12    2.1407E+12    2.7428E+12    1.6338E+12    3.7574E+12
  5.0119E-05    2.1267E+12    1.8950E+12    2.4011E+12    1.4647E+12    3.3767E+12
  5.6234E-05    1.8590E+12    1.6790E+12    2.0890E+12    1.3138E+12    3.0323E+12
  6.3096E-05    1.6677E+12    1.4890E+12    1.8458E+12    1.1789E+12    2.7203E+12
  7.0795E-05    1.4646E+12    1.3216E+12    1.6206E+12    1.0575E+12    2.4377E+12
  7.9433E-05    1.2875E+12    1.1719E+12    1.4282E+12    9.4762E+11    2.1808E+12
  8.9125E-05    1.1328E+12    1.0357E+12    1.2611E+12    8.4810E+11    1.9465E+12
  1.0000E-04    9.9730E+11    9.1515E+11    1.1266E+12    7.5787E+11    1.7329E+12
  1.1220E-04    8.7978E+11    8.0837E+11    1.0000E+12    6.7570E+11    1.5394E+12
  1.2589E-04    7.7430E+11    7.1215E+11    8.8725E+11    6.0059E+11    1.3640E+12
  1.4125E-04    6.8271E+11    6.2639E+11    7.8611E+11    5.3177E+11    1.2045E+12
  1.5849E-04    6.0180E+11    5.5166E+11    6.9499E+11    4.6875E+11    1.0594E+12
  1.7783E-04    5.3002E+11    4.8280E+11    6.1263E+11    4.1089E+11    9.2734E+11
  1.9953E-04    4.6293E+11    4.2053E+11    5.3807E+11    3.5762E+11    8.0760E+11
  2.2387E-04    4.0235E+11    3.6398E+11    4.6804E+11    3.0877E+11    6.9906E+11
  2.5119E-04    3.4787E+11    3.1274E+11    4.0256E+11    2.6438E+11    6.0072E+11
  2.8184E-04    3.0309E+11    2.6661E+11    3.5241E+11    2.2448E+11    5.1195E+11
  3.1623E-04    2.6248E+11    2.2754E+11    3.0224E+11    1.8897E+11    4.3250E+11
  3.5481E-04    2.2380E+11    1.9298E+11    2.5688E+11    1.5769E+11    3.6197E+11
  3.9811E-04    1.8792E+11    1.6189E+11    2.1655E+11    1.3046E+11    2.9990E+11
  4.4668E-04    1.5793E+11    1.3430E+11    1.8102E+11    1.0703E+11    2.4584E+11
  5.0119E-04    1.3136E+11    1.1014E+11    1.5000E+11    8.7111E+10    1.9926E+11
  5.6234E-04    1.0809E+11    8.9296E+10    1.2322E+11    7.0349E+10    1.5966E+11
  6.3096E-04    8.7987E+10    7.1577E+10    1.0034E+11    5.6402E+10    1.2769E+11
  7.0795E-04    7.0847E+10    5.6740E+10    8.0984E+10    4.4907E+10    1.0372E+11
  7.9433E-04    5.6439E+10    4.4496E+10    6.4791E+10    3.5513E+10    8.3235E+10
  8.9125E-04    4.4498E+10    3.4525E+10    5.1374E+10    2.7896E+10    6.5987E+10
  1.0000E-03    3.4730E+10    2.6515E+10    4.0364E+10    2.1761E+10    5.1672E+10
  1.1220E-03    2.5846E+10    2.0393E+10    3.1412E+10    1.6853E+10    3.9963E+10
  1.2589E-03    1.9968E+10    1.5675E+10    2.4116E+10    1.2951E+10    3.0526E+10
  1.4125E-03    1.5214E+10    1.1716E+10    1.7545E+10    9.8679E+09    2.3033E+10
  1.5849E-03    1.1279E+10    8.5778E+09    1.2619E+10    7.4494E+09    1.7169E+10
  1.7783E-03    8.5219E+09    6.2044E+09    9.4685E+09    5.5673E+09    1.2647E+10
  1.9953E-03    6.3377E+09    4.4323E+09    7.0895E+09    4.1139E+09    9.2059E+09
  2.2387E-03    4.6558E+09    3.1915E+09    5.2728E+09    3.0041E+09    6.6259E+09
  2.5119E-03    3.3487E+09    2.1892E+09    3.8907E+09    2.1494E+09    4.7164E+09
  2.8184E-03    2.3780E+09    1.5429E+09    2.7871E+09    1.4319E+09    3.3210E+09
  3.1623E-03    1.6669E+09    1.0832E+09    1.9353E+09    9.4295E+08    2.3149E+09
  3.5481E-03    1.1522E+09    7.4978E+08    1.3431E+09    6.1417E+08    1.5978E+09
  3.9811E-03    7.8498E+08    5.1114E+08    9.3026E+08    3.9574E+08    1.0927E+09
  4.4668E-03    5.2705E+08    3.4330E+08    6.4778E+08    2.5184E+08    7.4092E+08
  5.0119E-03    3.4855E+08    2.2752E+08    4.4471E+08    1.5823E+08    5.0076E+08
  5.6234E-03    2.2679E+08    1.4879E+08    2.9075E+08    9.8423E+07    3.3834E+08
  6.3096E-03    1.4541E+08    9.5979E+07    1.9093E+08    6.0640E+07    2.2490E+08
  7.0795E-03    9.2012E+07    6.0207E+07    1.2528E+08    3.6991E+07    1.4715E+08
  7.9433E-03    5.7446E+07    3.6948E+07    8.1025E+07    2.2357E+07    9.4585E+07
  8.9125E-03    3.5508E+07    2.2534E+07    5.1656E+07    1.3404E+07    6.1278E+07
  1.0000E-02    2.1752E+07    1.3682E+07    3.2480E+07    7.9843E+06    3.9533E+07
  1.1220E-02    1.3180E+07    8.2811E+06    2.0154E+07    4.7356E+06    2.5353E+07
  1.2589E-02    7.9157E+06    5.0053E+06    1.2351E+07    2.8044E+06    1.6165E+07
  1.4125E-02    4.7220E+06    3.0258E+06    7.4818E+06    1.6636E+06    1.0250E+07
  1.5849E-02    2.8205E+06    1.8295E+06    4.4863E+06    9.9210E+05    6.4642E+06
  1.7783E-02    1.7071E+06    1.1069E+06    2.6398E+06    5.9693E+05    4.0559E+06
  1.9953E-02    1.0192E+06    6.7374E+05    1.5121E+06    3.6364E+05    2.5326E+06
  2.2387E-02    6.1081E+05    4.1200E+05    8.6472E+05    2.2495E+05    1.5745E+06
  2.5119E-02    3.6796E+05    2.5234E+05    5.0480E+05    1.4162E+05    9.7512E+05
  2.8184E-02    2.2322E+05    1.5489E+05    2.9936E+05    9.0798E+04    6.0210E+05
  3.1623E-02    1.3490E+05    9.5638E+04    1.7840E+05    5.9275E+04    3.7099E+05
  3.5481E-02    8.1390E+04    5.9442E+04    1.0721E+05    3.9363E+04    2.2835E+05
  3.9811E-02    5.0900E+04    3.7237E+04    6.5201E+04    2.6528E+04    1.4061E+05
  4.4668E-02    3.2488E+04    2.3557E+04    4.0321E+04    1.8102E+04    8.6746E+04
  5.0119E-02    2.0900E+04    1.5009E+04    2.5372E+04    1.2449E+04    5.3690E+04
  5.6234E-02    1.3441E+04    9.7447E+03    1.6239E+04    8.6263E+03    3.3400E+04
  6.3096E-02    8.7866E+03    6.4840E+03    1.0517E+04    5.7557E+03    2.0923E+04
  7.0795E-02    5.8225E+03    4.4125E+03    6.9155E+03    3.7985E+03    1.3217E+04
  7.9433E-02    3.9074E+03    2.9892E+03    4.6590E+03    2.5513E+03    8.4281E+03
  8.9125E-02    2.6566E+03    2.0600E+03    3.1889E+03    1.7401E+03    5.4348E+03
  1.0000E-01    1.8291E+03    1.4329E+03    2.1817E+03    1.2015E+03    3.5490E+03
  1.1220E-01    1.2724E+03    1.0029E+03    1.5125E+03    8.4022E+02    2.3491E+03
  1.2589E-01    8.9246E+02    7.0982E+02    1.0656E+03    5.9507E+02    1.5747E+03
  1.4125E-01    6.3125E+02    5.0756E+02    7.5330E+02    4.2567E+02    1.0686E+03
  1.5849E-01    4.5090E+02    3.6536E+02    5.3605E+02    3.0708E+02    7.3494E+02
  1.7783E-01    3.2461E+02    2.6470E+02    3.8464E+02    2.2324E+02    5.1209E+02
  1.9953E-01    2.3528E+02    1.9306E+02    2.7792E+02    1.6296E+02    3.6091E+02
  2.2387E-01    1.7159E+02    1.4112E+02    2.0232E+02    1.1893E+02    2.5705E+02
  2.5119E-01    1.2540E+02    1.0314E+02    1.4800E+02    8.6939E+01    1.8480E+02
  2.8184E-01    9.1606E+01    7.5517E+01    1.0821E+02    6.3636E+01    1.3354E+02
  3.1623E-01    6.6928E+01    5.5304E+01    7.9166E+01    4.6487E+01    9.6777E+01
  3.5481E-01    4.9056E+01    4.0372E+01    5.8044E+01    3.3794E+01    7.0378E+01
  3.9811E-01    3.5764E+01    2.9279E+01    4.2565E+01    2.4348E+01    5.1270E+01
  4.4668E-01    2.5998E+01    2.1033E+01    3.1130E+01    1.7296E+01    3.7318E+01
  5.0119E-01    1.8845E+01    1.4948E+01    2.2654E+01    1.2156E+01    2.7075E+01
  5.6234E-01    1.3545E+01    1.0490E+01    1.6382E+01    8.4280E+00    1.9542E+01
  6.3096E-01    9.6198E+00    7.2447E+00    1.1776E+01    5.7670E+00    1.4023E+01
  7.0795E-01    6.7471E+00    4.9247E+00    8.4348E+00    3.8998E+00    9.9908E+00
  7.9433E-01    4.6740E+00    3.2980E+00    5.9817E+00    2.5770E+00    7.0634E+00
  8.9125E-01    3.2007E+00    2.1490E+00    4.1980E+00    1.6532E+00    4.9348E+00
  1.0000E+00    2.1415E+00    1.3543E+00    2.9270E+00    1.0416E+00    3.4226E+00
  1.1220E+00    1.3918E+00    8.3550E-01    1.9631E+00    6.4671E-01    2.3326E+00
  1.2589E+00    8.8798E-01    5.0604E-01    1.2657E+00    3.9379E-01    1.5575E+00
  1.4125E+00    5.5730E-01    2.9948E-01    8.1499E-01    2.3472E-01    1.0265E+00
  1.5849E+00    3.4259E-01    1.7285E-01    5.1274E-01    1.3684E-01    6.6773E-01
  1.7783E+00    2.0587E-01    9.7232E-02    3.2043E-01    7.8170E-02    4.2746E-01
  1.9953E+00    1.2084E-01    5.3415E-02    1.9659E-01    4.3762E-02    2.6883E-01
  2.2387E+00    6.9417E-02    2.8662E-02    1.1063E-01    2.3983E-02    1.6594E-01
  2.5119E+00    3.9022E-02    1.5008E-02    6.2083E-02    1.2876E-02    1.0065E-01
  2.8184E+00    2.1447E-02    7.6766E-03    3.4316E-02    6.7772E-03    5.9939E-02
  3.1623E+00    1.1534E-02    3.8384E-03    1.8657E-02    3.4995E-03    3.5023E-02
  3.5481E+00    6.0742E-03    1.8779E-03    9.9713E-03    1.7737E-03    2.0086E-02
  3.9811E+00    3.1351E-03    9.2148E-04    5.2139E-03    8.8264E-04    1.1309E-02
  4.4668E+00    1.5866E-03    4.4667E-04    2.6705E-03    4.2201E-04    6.2542E-03
  5.0119E+00    7.8769E-04    2.1266E-04    1.3940E-03    1.9412E-04    3.3981E-03
  5.6234E+00    3.8392E-04    9.9497E-05    7.1742E-04    8.7589E-05    1.8144E-03
  6.3096E+00    1.7458E-04    4.5782E-05    3.6326E-04    3.8799E-05    9.5266E-04
  7.0795E+00    7.5007E-05    2.0930E-05    1.8109E-04    1.6882E-05    4.9203E-04
  7.9433E+00    3.1620E-05    9.4539E-06    8.8908E-05    7.2193E-06    2.5014E-04
  8.9125E+00    1.4130E-05    4.2085E-06    4.3011E-05    3.0369E-06    1.2522E-04
  1.0000E+01    6.2150E-06    1.8457E-06    1.9798E-05    1.2566E-06    6.1749E-05
  1.1220E+01    2.6912E-06    7.9876E-07    8.7955E-06    5.1144E-07    3.0022E-05
  1.2589E+01    1.1467E-06    3.4137E-07    3.8378E-06    2.0502E-07    1.4389E-05
  1.4125E+01    4.8148E-07    1.4401E-07    1.6467E-06    8.0993E-08    6.7985E-06
  1.5849E+01    1.9947E-07    6.0045E-08    6.9739E-07    3.1523E-08    3.1708E-06
  1.7783E+01    8.1488E-08    2.4717E-08    2.9091E-07    1.2096E-08    1.4604E-06
  1.9953E+01    3.2861E-08    9.5582E-09    1.1959E-07    4.5725E-09    6.6412E-07
  2.2387E+01    1.3077E-08    3.5976E-09    4.8696E-08    1.6992E-09    2.9854E-07
  2.5119E+01    5.1464E-09    1.3362E-09    1.9344E-08    6.2268E-10    1.3251E-07
  2.8184E+01    2.0016E-09    5.0709E-10    7.4359E-09    2.2544E-10    5.7934E-08
  3.1623E+01    7.5476E-10    1.9284E-10    2.8693E-09    8.0480E-11    2.5054E-08
  3.5481E+01    2.8539E-10    7.1227E-11    1.1029E-09    2.8314E-11    1.0734E-08
  3.9811E+01    1.0654E-10    2.6323E-11    4.1882E-10    9.8155E-12    4.5484E-09
  4.4668E+01    3.9263E-11    9.6021E-12    1.5716E-10    3.3526E-12    1.9055E-09
  5.0119E+01    1.4285E-11    3.4574E-12    5.8296E-11    1.1282E-12    7.8921E-10
  5.6234E+01    5.1298E-12    1.2202E-12    2.1379E-11    3.7402E-13    3.2315E-10
  6.3096E+01    1.8184E-12    4.0314E-13    7.7534E-12    1.2216E-13    1.3082E-10
  7.0795E+01    6.3626E-13    1.3113E-13    2.7814E-12    3.9305E-14    5.2358E-11
  7.9433E+01    2.1972E-13    4.1991E-14    9.8707E-13    1.2457E-14    2.0720E-11
  8.9125E+01    7.4886E-14    1.3251E-14    3.4666E-13    3.9200E-15    8.1071E-12
