# Differential number counts predicted by the model of Bethermin, Dole, Lagache, Le Borgne and Penin (2010, submitted to A&A)
# This file contains the prediction for Planck HFI 143 GHz
# column 1: S (in Jy)
# column 2: median dN/dS (gal/Jy/sr)
# column 3: 1-sigma inf dN/dS (gal/Jy/sr)
# column 4: 1-sigma sup dN/dS (gal/Jy/sr)
# column 5: 2-sigma inf dN/dS (gal/Jy/sr)
# column 6: 2-sigma sup dN/dS (gal/Jy/sr)
# WARNING: Due to the grid in redshift, there is an artficial deviation from the euclidian behavior at very high flux (S>1Jy). Use the model in this regime with caution.
# desc: flux@@float dnds_median@@float dnds_inf1@@float dnds_sup1@@float dnds_inf2@@float dnds_sup2@@float
  1.0000E-08    2.3827E+16    1.2172E+16    4.2121E+16    4.2452E+15    5.6769E+16
  1.1220E-08    2.0859E+16    1.0791E+16    3.6557E+16    3.8456E+15    4.9023E+16
  1.2589E-08    1.8262E+16    9.5660E+15    3.1727E+16    3.4836E+15    4.2334E+16
  1.4125E-08    1.5988E+16    8.4802E+15    2.7535E+16    3.1556E+15    3.6557E+16
  1.5849E-08    1.3997E+16    7.5178E+15    2.3897E+16    2.8585E+15    3.1569E+16
  1.7783E-08    1.2255E+16    6.6646E+15    2.0740E+16    2.5894E+15    2.7262E+16
  1.9953E-08    1.0729E+16    5.9081E+15    1.8000E+16    2.3456E+15    2.3541E+16
  2.2387E-08    9.3947E+15    5.2386E+15    1.5626E+16    2.1251E+15    2.0334E+16
  2.5119E-08    8.2263E+15    4.6269E+15    1.3579E+16    1.9253E+15    1.7563E+16
  2.8184E-08    7.2029E+15    4.0852E+15    1.1806E+16    1.7442E+15    1.5169E+16
  3.1623E-08    6.3067E+15    3.6068E+15    1.0264E+16    1.5801E+15    1.3101E+16
  3.5481E-08    5.5220E+15    3.1844E+15    8.9230E+15    1.4315E+15    1.1315E+16
  3.9811E-08    4.8347E+15    2.8114E+15    7.7572E+15    1.2968E+15    9.7716E+15
  4.4668E-08    4.2330E+15    2.4820E+15    6.7436E+15    1.1747E+15    8.4388E+15
  5.0119E-08    3.7061E+15    2.1913E+15    5.8624E+15    1.0641E+15    7.2878E+15
  5.6234E-08    3.2448E+15    1.9345E+15    5.0963E+15    9.6399E+14    6.2937E+15
  6.3096E-08    2.8408E+15    1.7079E+15    4.4302E+15    8.7325E+14    5.4352E+15
  7.0795E-08    2.4872E+15    1.5077E+15    3.8512E+15    7.9105E+14    4.6936E+15
  7.9433E-08    2.1776E+15    1.3311E+15    3.3479E+15    7.1659E+14    4.0533E+15
  8.9125E-08    1.9065E+15    1.1913E+15    2.9103E+15    6.4914E+14    3.5003E+15
  1.0000E-07    1.6763E+15    1.0751E+15    2.5299E+15    5.8803E+14    3.0228E+15
  1.1220E-07    1.4751E+15    9.7028E+14    2.1992E+15    5.3268E+14    2.6104E+15
  1.2589E-07    1.2980E+15    8.6046E+14    1.9118E+15    4.8254E+14    2.2542E+15
  1.4125E-07    1.1421E+15    7.6281E+14    1.6619E+15    4.3712E+14    1.9466E+15
  1.5849E-07    1.0050E+15    6.7624E+14    1.4447E+15    3.9598E+14    1.6855E+15
  1.7783E-07    8.7878E+14    5.9950E+14    1.2559E+15    3.5872E+14    1.4628E+15
  1.9953E-07    7.6762E+14    5.3146E+14    1.0917E+15    3.2496E+14    1.2696E+15
  2.2387E-07    6.7007E+14    4.7115E+14    9.4902E+14    2.9438E+14    1.1019E+15
  2.5119E-07    5.8527E+14    4.1768E+14    8.2498E+14    2.6667E+14    9.5637E+14
  2.8184E-07    5.1360E+14    3.7028E+14    7.1716E+14    2.4158E+14    8.3004E+14
  3.1623E-07    4.4908E+14    3.2827E+14    6.2344E+14    2.1885E+14    7.2041E+14
  3.5481E-07    3.9266E+14    2.9103E+14    5.4198E+14    1.9827E+14    6.2525E+14
  3.9811E-07    3.4334E+14    2.5802E+14    4.7118E+14    1.7851E+14    5.4267E+14
  4.4668E-07    3.0021E+14    2.2875E+14    4.0962E+14    1.5892E+14    4.7099E+14
  5.0119E-07    2.6250E+14    2.0281E+14    3.5611E+14    1.4148E+14    4.0877E+14
  5.6234E-07    2.3113E+14    1.7981E+14    3.0960E+14    1.2596E+14    3.5477E+14
  6.3096E-07    2.0866E+14    1.5942E+14    2.6917E+14    1.1215E+14    3.0790E+14
  7.0795E-07    1.8773E+14    1.4135E+14    2.3403E+14    9.9846E+13    2.6721E+14
  7.9433E-07    1.6550E+14    1.2533E+14    2.0348E+14    8.8899E+13    2.3190E+14
  8.9125E-07    1.4591E+14    1.1114E+14    1.7693E+14    7.9154E+13    2.0126E+14
  1.0000E-06    1.2865E+14    9.8552E+13    1.5385E+14    7.0479E+13    1.7466E+14
  1.1220E-06    1.1345E+14    8.7398E+13    1.3379E+14    6.2757E+13    1.5157E+14
  1.2589E-06    9.9736E+13    7.7511E+13    1.1635E+14    5.5884E+13    1.3153E+14
  1.4125E-06    8.7106E+13    6.8750E+13    1.0120E+14    4.9766E+13    1.1413E+14
  1.5849E-06    7.6078E+13    6.0987E+13    8.8027E+13    4.4320E+13    9.9036E+13
  1.7783E-06    6.6306E+13    5.4108E+13    7.6582E+13    3.9474E+13    8.5931E+13
  1.9953E-06    5.7672E+13    4.8012E+13    6.6634E+13    3.5160E+13    7.5484E+13
  2.2387E-06    5.0170E+13    4.2273E+13    5.7666E+13    3.1320E+13    6.8240E+13
  2.5119E-06    4.3650E+13    3.7173E+13    4.9821E+13    2.7903E+13    6.1708E+13
  2.8184E-06    3.7986E+13    3.3597E+13    4.3049E+13    2.4862E+13    5.5816E+13
  3.1623E-06    3.3066E+13    2.9721E+13    3.7204E+13    2.2155E+13    5.0501E+13
  3.5481E-06    2.8792E+13    2.6142E+13    3.2745E+13    1.9746E+13    4.5708E+13
  3.9811E-06    2.5082E+13    2.2909E+13    2.8989E+13    1.7602E+13    4.1384E+13
  4.4668E-06    2.2600E+13    2.0090E+13    2.5375E+13    1.5692E+13    3.7482E+13
  5.0119E-06    1.9770E+13    1.7630E+13    2.2261E+13    1.3991E+13    3.3959E+13
  5.6234E-06    1.7302E+13    1.5484E+13    1.9684E+13    1.2474E+13    3.0775E+13
  6.3096E-06    1.5149E+13    1.3610E+13    1.7417E+13    1.1121E+13    2.7895E+13
  7.0795E-06    1.3274E+13    1.1971E+13    1.5421E+13    9.9122E+12    2.5286E+13
  7.9433E-06    1.1645E+13    1.0530E+13    1.3657E+13    8.8277E+12    2.2913E+13
  8.9125E-06    1.0169E+13    9.2571E+12    1.2090E+13    7.8494E+12    2.0742E+13
  1.0000E-05    8.8257E+12    8.1612E+12    1.0699E+13    6.9679E+12    1.8752E+13
  1.1220E-05    7.6650E+12    7.1968E+12    9.4619E+12    6.1726E+12    1.6922E+13
  1.2589E-05    6.6829E+12    6.3386E+12    8.3561E+12    5.4525E+12    1.5229E+13
  1.4125E-05    5.8790E+12    5.5463E+12    7.3727E+12    4.8054E+12    1.3666E+13
  1.5849E-05    5.1787E+12    4.8560E+12    6.5099E+12    4.2339E+12    1.2240E+13
  1.7783E-05    4.5465E+12    4.2378E+12    5.7272E+12    3.7120E+12    1.0911E+13
  1.9953E-05    3.9505E+12    3.6698E+12    4.9986E+12    3.2211E+12    9.6451E+12
  2.2387E-05    3.3889E+12    3.1544E+12    4.3390E+12    2.7738E+12    8.4590E+12
  2.5119E-05    2.9158E+12    2.6880E+12    3.7474E+12    2.3723E+12    7.3575E+12
  2.8184E-05    2.4979E+12    2.2755E+12    3.2186E+12    2.0153E+12    6.3417E+12
  3.1623E-05    2.1214E+12    1.9128E+12    2.7478E+12    1.7005E+12    5.4119E+12
  3.5481E-05    1.7826E+12    1.5956E+12    2.3303E+12    1.4243E+12    4.5665E+12
  3.9811E-05    1.4828E+12    1.3219E+12    1.9639E+12    1.1854E+12    3.8081E+12
  4.4668E-05    1.2203E+12    1.0877E+12    1.6446E+12    9.8055E+11    3.1363E+12
  5.0119E-05    9.9497E+11    8.8846E+11    1.3692E+12    8.0597E+11    2.5489E+12
  5.6234E-05    8.0779E+11    7.2089E+11    1.1342E+12    6.5872E+11    2.0433E+12
  6.3096E-05    6.5024E+11    5.8116E+11    9.3191E+11    5.3541E+11    1.6151E+12
  7.0795E-05    5.1948E+11    4.6581E+11    7.5963E+11    4.3304E+11    1.2585E+12
  7.9433E-05    4.1217E+11    3.7131E+11    6.1411E+11    3.4779E+11    9.6650E+11
  8.9125E-05    3.2502E+11    2.9441E+11    4.9222E+11    2.7149E+11    7.3144E+11
  1.0000E-04    2.5396E+11    2.2891E+11    3.9111E+11    2.1028E+11    5.4550E+11
  1.1220E-04    1.9699E+11    1.7642E+11    3.0785E+11    1.6149E+11    4.0082E+11
  1.2589E-04    1.5271E+11    1.3779E+11    2.3991E+11    1.2294E+11    2.9018E+11
  1.4125E-04    1.1810E+11    1.0401E+11    1.8501E+11    9.2718E+10    2.0718E+11
  1.5849E-04    9.0723E+10    7.7914E+10    1.4106E+11    6.9217E+10    1.5184E+11
  1.7783E-04    6.6602E+10    5.7952E+10    1.0195E+11    5.1158E+10    1.1228E+11
  1.9953E-04    4.9823E+10    4.2722E+10    7.5166E+10    3.7344E+10    8.3149E+10
  2.2387E-04    3.7370E+10    3.1185E+10    5.4585E+10    2.6887E+10    6.0669E+10
  2.5119E-04    2.7875E+10    2.2092E+10    3.8481E+10    1.9127E+10    4.3651E+10
  2.8184E-04    2.0030E+10    1.5311E+10    2.7550E+10    1.3423E+10    3.0954E+10
  3.1623E-04    1.4474E+10    1.0649E+10    1.9128E+10    9.2812E+09    2.1630E+10
  3.5481E-04    1.0365E+10    7.3352E+09    1.3134E+10    6.3728E+09    1.4951E+10
  3.9811E-04    7.2950E+09    4.9593E+09    8.8658E+09    4.2653E+09    1.0419E+10
  4.4668E-04    5.0254E+09    3.1816E+09    6.0537E+09    2.6982E+09    7.2107E+09
  5.0119E-04    3.3861E+09    1.9477E+09    4.1812E+09    1.6884E+09    4.9187E+09
  5.6234E-04    2.2821E+09    1.2594E+09    2.8554E+09    1.0490E+09    3.3115E+09
  6.3096E-04    1.5242E+09    8.1484E+08    1.9224E+09    6.4588E+08    2.2010E+09
  7.0795E-04    1.0033E+09    5.2392E+08    1.2431E+09    3.9447E+08    1.4451E+09
  7.9433E-04    6.4593E+08    3.3546E+08    7.9381E+08    2.3947E+08    9.3983E+08
  8.9125E-04    4.1465E+08    2.1433E+08    5.0267E+08    1.4486E+08    6.0748E+08
  1.0000E-03    2.6368E+08    1.3686E+08    3.2247E+08    8.7352E+07    3.9077E+08
  1.1220E-03    1.6623E+08    8.6448E+07    2.0658E+08    5.2740E+07    2.5053E+08
  1.2589E-03    1.0406E+08    5.4143E+07    1.3141E+08    3.1646E+07    1.6039E+08
  1.4125E-03    6.4810E+07    3.4009E+07    8.3152E+07    1.9120E+07    1.0269E+08
  1.5849E-03    4.0239E+07    2.1464E+07    5.2445E+07    1.1712E+07    6.5816E+07
  1.7783E-03    2.4952E+07    1.3627E+07    3.3035E+07    7.2971E+06    4.2243E+07
  1.9953E-03    1.5491E+07    8.7061E+06    2.0818E+07    4.6341E+06    2.7144E+07
  2.2387E-03    9.6467E+06    5.5984E+06    1.3141E+07    3.0025E+06    1.7450E+07
  2.5119E-03    6.0346E+06    3.5012E+06    8.3168E+06    1.9842E+06    1.1214E+07
  2.8184E-03    3.7968E+06    2.2125E+06    5.2070E+06    1.3351E+06    7.1960E+06
  3.1623E-03    2.4034E+06    1.4215E+06    3.2430E+06    9.1307E+05    4.6089E+06
  3.5481E-03    1.5319E+06    9.3053E+05    2.0192E+06    6.3280E+05    2.9450E+06
  3.9811E-03    9.8415E+05    6.1955E+05    1.2592E+06    4.4357E+05    1.8778E+06
  4.4668E-03    6.3770E+05    4.2027E+05    7.9561E+05    3.1388E+05    1.1956E+06
  5.0119E-03    4.1785E+05    2.8948E+05    5.1441E+05    2.2351E+05    7.7459E+05
  5.6234E-03    2.7694E+05    2.0102E+05    3.3492E+05    1.6019E+05    5.0257E+05
  6.3096E-03    1.8370E+05    1.4076E+05    2.1944E+05    1.1549E+05    3.2683E+05
  7.0795E-03    1.2155E+05    9.9154E+04    1.4471E+05    8.3528E+04    2.1313E+05
  7.9433E-03    8.1444E+04    7.0766E+04    9.6220E+04    6.0622E+04    1.3960E+05
  8.9125E-03    5.6705E+04    5.0180E+04    6.4646E+04    4.4198E+04    9.2073E+04
  1.0000E-02    3.9102E+04    3.5939E+04    4.4790E+04    3.2148E+04    6.1230E+04
  1.1220E-02    2.7809E+04    2.5535E+04    3.1315E+04    2.2918E+04    4.1067E+04
  1.2589E-02    1.9772E+04    1.8172E+04    2.1586E+04    1.6497E+04    2.7830E+04
  1.4125E-02    1.4310E+04    1.3299E+04    1.5235E+04    1.1981E+04    1.9084E+04
  1.5849E-02    1.0263E+04    9.5727E+03    1.1025E+04    8.7671E+03    1.3249E+04
  1.7783E-02    7.4251E+03    6.9017E+03    8.0699E+03    6.4502E+03    9.3056E+03
  1.9953E-02    5.3842E+03    4.9884E+03    5.9020E+03    4.7508E+03    6.5892E+03
  2.2387E-02    3.9685E+03    3.6428E+03    4.3271E+03    3.5086E+03    4.7076E+03
  2.5119E-02    2.9362E+03    2.6809E+03    3.1852E+03    2.6012E+03    3.3957E+03
  2.8184E-02    2.1769E+03    1.9801E+03    2.3503E+03    1.9301E+03    2.4669E+03
  3.1623E-02    1.6174E+03    1.4668E+03    1.7373E+03    1.4267E+03    1.8047E+03
  3.5481E-02    1.2010E+03    1.0892E+03    1.2880E+03    1.0570E+03    1.3303E+03
  3.9811E-02    8.9186E+02    8.0907E+02    9.5686E+02    7.8437E+02    9.8410E+02
  4.4668E-02    6.6015E+02    5.9925E+02    7.0771E+02    5.7997E+02    7.2715E+02
  5.0119E-02    4.8756E+02    4.4290E+02    5.2283E+02    4.2788E+02    5.3747E+02
  5.6234E-02    3.5999E+02    3.2704E+02    3.8628E+02    3.1546E+02    3.9821E+02
  6.3096E-02    2.6520E+02    2.4050E+02    2.8425E+02    2.3183E+02    2.9509E+02
  7.0795E-02    1.9463E+02    1.7569E+02    2.0820E+02    1.6949E+02    2.1830E+02
  7.9433E-02    1.4187E+02    1.2712E+02    1.5187E+02    1.2298E+02    1.6082E+02
  8.9125E-02    1.0258E+02    9.0951E+01    1.1053E+02    8.8436E+01    1.1775E+02
  1.0000E-01    7.3456E+01    6.4485E+01    8.0129E+01    6.2778E+01    8.5535E+01
  1.1220E-01    5.2034E+01    4.5261E+01    5.7556E+01    4.3871E+01    6.1439E+01
  1.2589E-01    3.6982E+01    3.1246E+01    4.0405E+01    3.0196E+01    4.3500E+01
  1.4125E-01    2.5690E+01    2.1133E+01    2.7995E+01    2.0506E+01    3.0346E+01
  1.5849E-01    1.7643E+01    1.4190E+01    1.9141E+01    1.3692E+01    2.1096E+01
  1.7783E-01    1.1661E+01    9.3162E+00    1.2812E+01    8.7974E+00    1.4805E+01
  1.9953E-01    7.5082E+00    5.9570E+00    8.5549E+00    5.4915E+00    1.0225E+01
  2.2387E-01    4.8573E+00    3.7527E+00    5.6691E+00    3.3738E+00    6.9759E+00
  2.5119E-01    3.0842E+00    2.3210E+00    3.6264E+00    2.0321E+00    4.6865E+00
  2.8184E-01    1.8934E+00    1.4058E+00    2.3140E+00    1.1968E+00    3.0889E+00
  3.1623E-01    1.1364E+00    8.3280E-01    1.4516E+00    6.8841E-01    1.9917E+00
  3.5481E-01    6.6638E-01    4.8223E-01    8.8020E-01    3.8652E-01    1.2533E+00
  3.9811E-01    3.8263E-01    2.7355E-01    5.2000E-01    2.1236E-01    7.6987E-01
  4.4668E-01    2.0846E-01    1.5209E-01    2.9967E-01    1.1423E-01    4.6176E-01
  5.0119E-01    1.0879E-01    8.2794E-02    1.6629E-01    6.0081E-02    2.7024E-01
  5.6234E-01    5.6970E-02    4.3512E-02    9.0104E-02    3.0922E-02    1.5450E-01
  6.3096E-01    2.9701E-02    2.2281E-02    4.7724E-02    1.5588E-02    8.6462E-02
  7.0795E-01    1.5174E-02    1.1172E-02    2.5140E-02    7.7009E-03    4.7465E-02
  7.9433E-01    7.7744E-03    5.5962E-03    1.3506E-02    3.7296E-03    2.5612E-02
  8.9125E-01    3.9321E-03    2.7834E-03    7.1405E-03    1.7721E-03    1.3618E-02
  1.0000E+00    1.9564E-03    1.3573E-03    3.6242E-03    8.2604E-04    7.1450E-03
  1.1220E+00    9.3658E-04    6.3068E-04    1.8087E-03    3.7806E-04    3.7072E-03
  1.2589E+00    4.3112E-04    2.8684E-04    8.9123E-04    1.6990E-04    1.9043E-03
  1.4125E+00    1.9475E-04    1.2817E-04    4.3403E-04    7.5018E-05    9.6967E-04
  1.5849E+00    8.6891E-05    5.6286E-05    2.0900E-04    3.2549E-05    4.8981E-04
  1.7783E+00    4.0001E-05    2.4296E-05    9.9531E-05    1.3879E-05    2.4551E-04
  1.9953E+00    1.8156E-05    1.0315E-05    4.6914E-05    5.8195E-06    1.2222E-04
  2.2387E+00    8.1293E-06    4.3092E-06    2.1900E-05    2.4005E-06    6.0467E-05
  2.5119E+00    3.5889E-06    1.7708E-06    1.0118E-05    9.2360E-07    2.9705E-05
  2.8184E+00    1.5593E-06    7.1456E-07    4.6123E-06    3.4051E-07    1.4441E-05
  3.1623E+00    6.6933E-07    2.8422E-07    2.0856E-06    1.2323E-07    6.9831E-06
  3.5481E+00    2.8376E-07    1.1139E-07    9.3526E-07    4.3759E-08    3.3589E-06
  3.9811E+00    1.1867E-07    4.2971E-08    4.1507E-07    1.5236E-08    1.6030E-06
  4.4668E+00    4.8928E-08    1.6304E-08    1.8205E-07    5.1989E-09    7.5783E-07
  5.0119E+00    1.9975E-08    6.1119E-09    7.9463E-08    1.7445E-09    3.5745E-07
  5.6234E+00    8.0623E-09    2.2590E-09    3.4456E-08    5.7449E-10    1.6800E-07
  6.3096E+00    2.9906E-09    8.0852E-10    1.4401E-08    1.8324E-10    7.6241E-08
  7.0795E+00    1.0878E-09    2.8446E-10    5.9192E-09    5.7333E-11    3.4035E-08
  7.9433E+00    3.9489E-10    9.9812E-11    2.4543E-09    1.7771E-11    1.5354E-08
  8.9125E+00    1.4212E-10    3.4692E-11    1.0168E-09    5.4270E-12    6.9351E-09
  1.0000E+01    5.0431E-11    1.1883E-11    4.1699E-10    1.6270E-12    3.1058E-09
  1.1220E+01    1.7669E-11    4.0166E-12    1.6962E-10    4.7929E-13    1.3815E-09
  1.2589E+01    6.1026E-12    1.3378E-12    6.6440E-11    1.3861E-13    6.0883E-10
  1.4125E+01    2.0830E-12    4.4007E-13    2.5730E-11    3.9418E-14    2.6666E-10
  1.5849E+01    7.0226E-13    1.4289E-13    9.8609E-12    1.1017E-14    1.1603E-10
  1.7783E+01    2.3341E-13    4.5719E-14    3.7350E-12    3.0220E-15    5.0017E-11
  1.9953E+01    7.6782E-14    1.4409E-14    1.3979E-12    8.1357E-16    2.1343E-11
  2.2387E+01    2.5948E-14    4.4734E-15    5.1701E-13    2.1497E-16    9.0140E-12
  2.5119E+01    8.6971E-15    1.3678E-15    1.8894E-13    5.5744E-17    3.7679E-12
  2.8184E+01    2.8763E-15    4.1197E-16    6.8224E-14    1.4185E-17    1.5587E-12
  3.1623E+01    9.3857E-16    1.2220E-16    2.4341E-14    3.5421E-18    6.3812E-13
  3.5481E+01    3.0218E-16    3.5701E-17    8.5807E-15    8.6806E-19    2.5850E-13
  3.9811E+01    9.5999E-17    1.0272E-17    2.9887E-15    2.0871E-19    1.0362E-13
  4.4668E+01    3.0087E-17    2.9104E-18    1.0286E-15    4.9259E-20    4.1098E-14
  5.0119E+01    9.3042E-18    8.1221E-19    3.4975E-16    1.1410E-20    1.6129E-14
  5.6234E+01    2.8386E-18    2.2324E-19    1.1751E-16    2.5924E-21    6.2629E-15
  6.3096E+01    8.5429E-19    6.0411E-20    3.9004E-17    5.7834E-22    2.4061E-15
  7.0795E+01    2.5366E-19    1.6101E-20    1.2792E-17    1.2659E-22    9.1457E-16
  7.9433E+01    7.4296E-20    4.2249E-21    4.1447E-18    2.7190E-23    3.4395E-16
  8.9125E+01    2.1476E-20    1.0919E-21    1.3271E-18    5.7276E-24    1.2800E-16
