# Differential number counts predicted by the model of Bethermin, Dole, Lagache, Le Borgne and Penin (2010, submitted to A&A)
# This file contains the prediction for AzTEC 1.1 mm
# column 1: S (in Jy)
# column 2: median dN/dS (gal/Jy/sr)
# column 3: 1-sigma inf dN/dS (gal/Jy/sr)
# column 4: 1-sigma sup dN/dS (gal/Jy/sr)
# column 5: 2-sigma inf dN/dS (gal/Jy/sr)
# column 6: 2-sigma sup dN/dS (gal/Jy/sr)
# WARNING: Due to the grid in redshift, there is an artficial deviation from the euclidian behavior at very high flux (S>1Jy). Use the model in this regime with caution.
# desc: flux@@float dnds_median@@float dnds_inf1@@float dnds_sup1@@float dnds_inf2@@float dnds_sup2@@float
  1.0000E-08    3.1476E+16    1.3201E+16    6.3718E+16    3.4136E+15    9.6394E+16
  1.1220E-08    2.7557E+16    1.1703E+16    5.5300E+16    3.0923E+15    8.3242E+16
  1.2589E-08    2.4126E+16    1.0374E+16    4.7994E+16    2.8011E+15    7.1883E+16
  1.4125E-08    2.1122E+16    9.1970E+15    4.1653E+16    2.5374E+15    6.2074E+16
  1.5849E-08    1.8492E+16    8.1532E+15    3.6150E+16    2.2986E+15    5.3604E+16
  1.7783E-08    1.6190E+16    7.2277E+15    3.1374E+16    2.0821E+15    4.6297E+16
  1.9953E-08    1.4174E+16    6.4074E+15    2.7229E+16    1.8861E+15    3.9986E+16
  2.2387E-08    1.2409E+16    5.6802E+15    2.3635E+16    1.7086E+15    3.4535E+16
  2.5119E-08    1.0868E+16    5.0373E+15    2.0517E+16    1.5477E+15    2.9826E+16
  2.8184E-08    9.5164E+15    4.4664E+15    1.7810E+16    1.4026E+15    2.5759E+16
  3.1623E-08    8.3324E+15    3.9600E+15    1.5459E+16    1.2707E+15    2.2246E+16
  3.5481E-08    7.2956E+15    3.5109E+15    1.3418E+16    1.1511E+15    1.9212E+16
  3.9811E-08    6.3876E+15    3.1126E+15    1.1646E+16    1.0428E+15    1.6591E+16
  4.4668E-08    5.5926E+15    2.7595E+15    1.0108E+16    9.4466E+14    1.4328E+16
  5.0119E-08    4.8965E+15    2.4464E+15    8.7733E+15    8.5576E+14    1.2373E+16
  5.6234E-08    4.2870E+15    2.1688E+15    7.6145E+15    7.7521E+14    1.0685E+16
  6.3096E-08    3.7533E+15    1.9227E+15    6.6087E+15    7.0223E+14    9.2274E+15
  7.0795E-08    3.2860E+15    1.7045E+15    5.7358E+15    6.3613E+14    7.9685E+15
  7.9433E-08    2.8769E+15    1.5111E+15    4.9781E+15    5.7625E+14    6.8813E+15
  8.9125E-08    2.5188E+15    1.3396E+15    4.3205E+15    5.2200E+14    5.9424E+15
  1.0000E-07    2.2052E+15    1.1875E+15    3.7498E+15    4.7285E+14    5.1316E+15
  1.1220E-07    1.9306E+15    1.0528E+15    3.2544E+15    4.2834E+14    4.4314E+15
  1.2589E-07    1.6902E+15    9.3327E+14    2.8245E+15    3.8801E+14    3.8268E+15
  1.4125E-07    1.4798E+15    8.2735E+14    2.4513E+15    3.5148E+14    3.3046E+15
  1.5849E-07    1.2955E+15    7.3344E+14    2.1275E+15    3.1839E+14    2.8537E+15
  1.7783E-07    1.1342E+15    6.5019E+14    1.8464E+15    2.8842E+14    2.4643E+15
  1.9953E-07    9.9300E+14    5.7639E+14    1.6025E+15    2.6126E+14    2.1281E+15
  2.2387E-07    8.6936E+14    5.1097E+14    1.3919E+15    2.3667E+14    1.8377E+15
  2.5119E-07    7.6112E+14    4.5297E+14    1.2099E+15    2.1439E+14    1.5869E+15
  2.8184E-07    6.6635E+14    4.0156E+14    1.0518E+15    1.9420E+14    1.3704E+15
  3.1623E-07    5.8339E+14    3.5491E+14    9.1428E+14    1.7592E+14    1.1834E+15
  3.5481E-07    5.1075E+14    3.1332E+14    7.9476E+14    1.5936E+14    1.0219E+15
  3.9811E-07    4.4715E+14    2.7660E+14    6.9088E+14    1.4436E+14    8.8248E+14
  4.4668E-07    3.9148E+14    2.4418E+14    6.0057E+14    1.3077E+14    7.6207E+14
  5.0119E-07    3.4274E+14    2.1616E+14    5.2207E+14    1.1846E+14    6.5809E+14
  5.6234E-07    3.0006E+14    1.9491E+14    4.5383E+14    1.0731E+14    5.6829E+14
  6.3096E-07    2.6270E+14    1.7279E+14    3.9451E+14    9.7212E+13    4.9075E+14
  7.0795E-07    2.3039E+14    1.5318E+14    3.4295E+14    8.8064E+13    4.2379E+14
  7.9433E-07    2.0273E+14    1.3580E+14    2.9812E+14    7.9777E+13    3.6626E+14
  8.9125E-07    1.7840E+14    1.2039E+14    2.5916E+14    7.2270E+13    3.1789E+14
  1.0000E-06    1.5698E+14    1.0673E+14    2.2529E+14    6.5471E+13    2.7590E+14
  1.1220E-06    1.3814E+14    9.4618E+13    1.9585E+14    5.9311E+13    2.3946E+14
  1.2589E-06    1.2156E+14    8.3882E+13    1.7026E+14    5.3731E+13    2.0783E+14
  1.4125E-06    1.0693E+14    7.4367E+13    1.4802E+14    4.8678E+13    1.8038E+14
  1.5849E-06    9.3345E+13    6.5932E+13    1.2868E+14    4.4101E+13    1.5655E+14
  1.7783E-06    8.1490E+13    5.8455E+13    1.1187E+14    3.9955E+13    1.3587E+14
  1.9953E-06    7.1142E+13    5.1827E+13    9.7265E+13    3.5699E+13    1.1793E+14
  2.2387E-06    6.2227E+13    4.5951E+13    8.4566E+13    3.1785E+13    1.0235E+14
  2.5119E-06    5.4855E+13    4.0743E+13    7.3527E+13    2.8301E+13    8.8830E+13
  2.8184E-06    4.8360E+13    3.6127E+13    6.3932E+13    2.5200E+13    7.7097E+13
  3.1623E-06    4.2486E+13    3.2035E+13    5.5591E+13    2.2439E+13    6.6913E+13
  3.5481E-06    3.7599E+13    2.8408E+13    4.8342E+13    1.9982E+13    5.8073E+13
  3.9811E-06    3.3159E+13    2.5194E+13    4.2041E+13    1.7795E+13    5.0401E+13
  4.4668E-06    2.9248E+13    2.2344E+13    3.6564E+13    1.5849E+13    4.3742E+13
  5.0119E-06    2.5803E+13    1.9819E+13    3.1804E+13    1.4116E+13    3.7963E+13
  5.6234E-06    2.2769E+13    1.7582E+13    2.7667E+13    1.2574E+13    3.2947E+13
  6.3096E-06    2.0097E+13    1.5599E+13    2.4071E+13    1.1202E+13    2.8592E+13
  7.0795E-06    1.7744E+13    1.3842E+13    2.0947E+13    9.9812E+12    2.4813E+13
  7.9433E-06    1.5672E+13    1.2285E+13    1.8590E+13    8.8944E+12    2.1534E+13
  8.9125E-06    1.3779E+13    1.0907E+13    1.6553E+13    7.9273E+12    1.8687E+13
  1.0000E-05    1.1997E+13    9.6847E+12    1.4325E+13    7.0664E+12    1.6216E+13
  1.1220E-05    1.0440E+13    8.6019E+12    1.2398E+13    6.3000E+12    1.4071E+13
  1.2589E-05    9.0874E+12    7.6434E+12    1.0730E+13    5.6180E+12    1.2402E+13
  1.4125E-05    7.9126E+12    6.8075E+12    9.2870E+12    5.0114E+12    1.1210E+13
  1.5849E-05    6.8924E+12    6.0448E+12    8.0392E+12    4.4719E+12    1.0135E+13
  1.7783E-05    6.0065E+12    5.3330E+12    6.9618E+12    3.9918E+12    9.1646E+12
  1.9953E-05    5.2373E+12    4.7121E+12    6.0692E+12    3.5645E+12    8.2887E+12
  2.2387E-05    4.6082E+12    4.1665E+12    5.2515E+12    3.1840E+12    7.4972E+12
  2.5119E-05    4.1255E+12    3.6868E+12    4.6496E+12    2.8452E+12    6.7815E+12
  2.8184E-05    3.6158E+12    3.2648E+12    4.0713E+12    2.5432E+12    6.1339E+12
  3.1623E-05    3.1713E+12    2.8931E+12    3.5708E+12    2.2737E+12    5.5471E+12
  3.5481E-05    2.7837E+12    2.5507E+12    3.1683E+12    2.0329E+12    5.0146E+12
  3.9811E-05    2.4500E+12    2.2424E+12    2.8276E+12    1.8170E+12    4.5307E+12
  4.4668E-05    2.1966E+12    1.9718E+12    2.5590E+12    1.6220E+12    4.0894E+12
  5.0119E-05    1.9399E+12    1.7422E+12    2.2222E+12    1.4452E+12    3.6842E+12
  5.6234E-05    1.6898E+12    1.5426E+12    1.9620E+12    1.2850E+12    3.3092E+12
  6.3096E-05    1.4714E+12    1.3538E+12    1.7369E+12    1.1400E+12    2.9640E+12
  7.0795E-05    1.2829E+12    1.1852E+12    1.5353E+12    1.0084E+12    2.6479E+12
  7.9433E-05    1.1266E+12    1.0346E+12    1.3542E+12    8.8897E+11    2.3570E+12
  8.9125E-05    9.8795E+11    9.0340E+11    1.1909E+12    7.8066E+11    2.0887E+12
  1.0000E-04    8.5668E+11    7.8807E+11    1.0423E+12    6.8140E+11    1.8408E+12
  1.1220E-04    7.3788E+11    6.8367E+11    9.0675E+11    5.9017E+11    1.6107E+12
  1.2589E-04    6.3964E+11    5.9409E+11    7.8390E+11    5.0718E+11    1.3982E+12
  1.4125E-04    5.5318E+11    5.0599E+11    6.7325E+11    4.3261E+11    1.2032E+12
  1.5849E-04    4.7456E+11    4.2861E+11    5.7523E+11    3.6629E+11    1.0257E+12
  1.7783E-04    4.0196E+11    3.6101E+11    4.8862E+11    3.0778E+11    8.6548E+11
  1.9953E-04    3.3845E+11    3.0139E+11    4.1346E+11    2.5668E+11    7.2221E+11
  2.2387E-04    2.8224E+11    2.4940E+11    3.4681E+11    2.1256E+11    5.9571E+11
  2.5119E-04    2.3311E+11    2.0457E+11    2.8837E+11    1.7484E+11    4.8549E+11
  2.8184E-04    1.9067E+11    1.6637E+11    2.3765E+11    1.4291E+11    3.9078E+11
  3.1623E-04    1.5448E+11    1.3419E+11    1.9414E+11    1.1612E+11    3.1056E+11
  3.5481E-04    1.2401E+11    1.0742E+11    1.5722E+11    9.3834E+10    2.4364E+11
  3.9811E-04    9.8918E+10    8.5390E+10    1.2621E+11    7.4615E+10    1.8869E+11
  4.4668E-04    7.8236E+10    6.7421E+10    1.0041E+11    5.8811E+10    1.4427E+11
  5.0119E-04    6.1378E+10    5.2898E+10    7.9164E+10    4.6113E+10    1.0891E+11
  5.6234E-04    4.7781E+10    4.1245E+10    6.1814E+10    3.5961E+10    8.1196E+10
  6.3096E-04    3.6907E+10    3.1955E+10    4.7783E+10    2.7887E+10    5.9786E+10
  7.0795E-04    2.7948E+10    2.4609E+10    3.6091E+10    2.1492E+10    4.3494E+10
  7.9433E-04    2.1448E+10    1.8888E+10    2.6830E+10    1.6450E+10    3.1270E+10
  8.9125E-04    1.6218E+10    1.4384E+10    2.0015E+10    1.2498E+10    2.2224E+10
  1.0000E-03    1.2072E+10    1.0842E+10    1.4617E+10    9.4128E+09    1.5622E+10
  1.1220E-03    8.8040E+09    8.0956E+09    1.0323E+10    7.0230E+09    1.1112E+10
  1.2589E-03    6.3429E+09    5.9122E+09    7.1936E+09    5.1881E+09    7.9842E+09
  1.4125E-03    4.5126E+09    4.2942E+09    5.0862E+09    3.7908E+09    5.6567E+09
  1.5849E-03    3.1906E+09    3.1012E+09    3.5762E+09    2.7388E+09    3.9507E+09
  1.7783E-03    2.2488E+09    2.1688E+09    2.5263E+09    1.9552E+09    2.7208E+09
  1.9953E-03    1.5579E+09    1.4860E+09    1.7121E+09    1.3765E+09    1.8458E+09
  2.2387E-03    1.0805E+09    9.8819E+08    1.1470E+09    9.5526E+08    1.2458E+09
  2.5119E-03    7.3438E+08    6.4783E+08    7.8469E+08    6.2706E+08    8.4407E+08
  2.8184E-03    4.8124E+08    4.1814E+08    5.2470E+08    3.9832E+08    5.6251E+08
  3.1623E-03    3.1905E+08    2.6999E+08    3.4788E+08    2.4981E+08    3.6897E+08
  3.5481E-03    2.0932E+08    1.7427E+08    2.2454E+08    1.5515E+08    2.3910E+08
  3.9811E-03    1.3398E+08    1.1166E+08    1.4268E+08    9.5396E+07    1.5317E+08
  4.4668E-03    8.4574E+07    7.1040E+07    9.0604E+07    5.8065E+07    9.6993E+07
  5.0119E-03    5.3005E+07    4.3945E+07    5.7000E+07    3.5013E+07    6.0754E+07
  5.6234E-03    3.3206E+07    2.6713E+07    3.5431E+07    2.0944E+07    3.7935E+07
  6.3096E-03    2.0481E+07    1.6192E+07    2.1820E+07    1.2454E+07    2.3428E+07
  7.0795E-03    1.2364E+07    9.9391E+06    1.3302E+07    7.3821E+06    1.4317E+07
  7.9433E-03    7.4849E+06    6.0684E+06    8.0388E+06    4.3745E+06    8.6718E+06
  8.9125E-03    4.5060E+06    3.6922E+06    4.8259E+06    2.6008E+06    5.2913E+06
  1.0000E-02    2.7115E+06    2.2335E+06    2.8840E+06    1.5572E+06    3.2402E+06
  1.1220E-02    1.6342E+06    1.3283E+06    1.7179E+06    9.3928E+05    1.9820E+06
  1.2589E-02    9.7359E+05    7.9391E+05    1.0338E+06    5.7390E+05    1.2124E+06
  1.4125E-02    5.8286E+05    4.8627E+05    6.2573E+05    3.5621E+05    7.4233E+05
  1.5849E-02    3.5512E+05    2.9521E+05    3.8075E+05    2.2502E+05    4.5540E+05
  1.7783E-02    2.1799E+05    1.8048E+05    2.3258E+05    1.4460E+05    2.8021E+05
  1.9953E-02    1.3438E+05    1.1154E+05    1.4232E+05    9.4346E+04    1.7303E+05
  2.2387E-02    8.3257E+04    6.9232E+04    8.8136E+04    6.2570E+04    1.0732E+05
  2.5119E-02    5.1905E+04    4.3572E+04    5.6296E+04    4.0700E+04    6.8205E+04
  2.8184E-02    3.3260E+04    2.8685E+04    3.6552E+04    2.5941E+04    4.3926E+04
  3.1623E-02    2.1362E+04    1.8510E+04    2.4117E+04    1.6753E+04    2.8621E+04
  3.5481E-02    1.3995E+04    1.2227E+04    1.5896E+04    1.0975E+04    1.8875E+04
  3.9811E-02    9.1816E+03    8.0457E+03    1.0579E+04    7.2200E+03    1.2583E+04
  4.4668E-02    6.1449E+03    5.3224E+03    7.1534E+03    4.8175E+03    8.4779E+03
  5.0119E-02    4.1852E+03    3.5718E+03    4.8821E+03    3.2526E+03    5.7790E+03
  5.6234E-02    2.8674E+03    2.4142E+03    3.3666E+03    2.2080E+03    4.0004E+03
  6.3096E-02    1.9834E+03    1.6569E+03    2.3391E+03    1.5204E+03    2.8095E+03
  7.0795E-02    1.3867E+03    1.1542E+03    1.6397E+03    1.0607E+03    1.9856E+03
  7.9433E-02    9.7955E+02    8.1944E+02    1.1630E+03    7.4831E+02    1.4114E+03
  8.9125E-02    6.9676E+02    5.8610E+02    8.3220E+02    5.3188E+02    1.0112E+03
  1.0000E-01    5.0029E+02    4.2193E+02    5.9920E+02    3.8084E+02    7.2943E+02
  1.1220E-01    3.6120E+02    3.0513E+02    4.3468E+02    2.7391E+02    5.2886E+02
  1.2589E-01    2.6142E+02    2.2061E+02    3.1678E+02    1.9757E+02    3.8556E+02
  1.4125E-01    1.8929E+02    1.5960E+02    2.3078E+02    1.4325E+02    2.8239E+02
  1.5849E-01    1.3762E+02    1.1586E+02    1.6855E+02    1.0409E+02    2.0669E+02
  1.7783E-01    1.0036E+02    8.4146E+01    1.2355E+02    7.5501E+01    1.5115E+02
  1.9953E-01    7.3008E+01    6.0947E+01    9.0696E+01    5.4490E+01    1.1079E+02
  2.2387E-01    5.2903E+01    4.3889E+01    6.6532E+01    3.9028E+01    8.1244E+01
  2.5119E-01    3.8155E+01    3.1377E+01    4.8668E+01    2.7521E+01    5.9445E+01
  2.8184E-01    2.7340E+01    2.2229E+01    3.5461E+01    1.9152E+01    4.3293E+01
  3.1623E-01    1.9415E+01    1.5565E+01    2.5700E+01    1.3129E+01    3.1327E+01
  3.5481E-01    1.3634E+01    1.0750E+01    1.8475E+01    8.9006E+00    2.2500E+01
  3.9811E-01    9.4873E+00    7.3599E+00    1.3139E+01    5.9481E+00    1.6004E+01
  4.4668E-01    6.5187E+00    4.9455E+00    9.2760E+00    3.8481E+00    1.1317E+01
  5.0119E-01    4.3638E+00    3.2122E+00    6.3851E+00    2.4197E+00    8.0863E+00
  5.6234E-01    2.8503E+00    2.0396E+00    4.2632E+00    1.5020E+00    5.7408E+00
  6.3096E-01    1.8332E+00    1.2761E+00    2.7530E+00    9.1789E-01    4.0080E+00
  7.0795E-01    1.1584E+00    7.8308E-01    1.7484E+00    5.4929E-01    2.7579E+00
  7.9433E-01    7.1595E-01    4.6191E-01    1.0924E+00    3.2140E-01    1.8743E+00
  8.9125E-01    4.3212E-01    2.6461E-01    6.6744E-01    1.8401E-01    1.2522E+00
  1.0000E+00    2.5477E-01    1.4786E-01    3.9801E-01    1.0325E-01    8.1883E-01
  1.1220E+00    1.4686E-01    8.0728E-02    2.3156E-01    5.6741E-02    5.2239E-01
  1.2589E+00    8.2719E-02    4.3057E-02    1.3338E-01    3.0516E-02    3.2492E-01
  1.4125E+00    4.5502E-02    2.2414E-02    7.5158E-02    1.6079E-02    1.9695E-01
  1.5849E+00    2.4472E-02    1.1401E-02    4.1262E-02    8.3075E-03    1.1618E-01
  1.7783E+00    1.2877E-02    5.6734E-03    2.2987E-02    4.2093E-03    6.6681E-02
  1.9953E+00    6.6326E-03    2.7622E-03    1.2577E-02    2.0932E-03    3.7308E-02
  2.2387E+00    3.3469E-03    1.3170E-03    6.4507E-03    1.0220E-03    2.0369E-02
  2.5119E+00    1.6554E-03    6.1522E-04    3.1983E-03    4.9018E-04    1.0871E-02
  2.8184E+00    8.0323E-04    2.8177E-04    1.5511E-03    2.3110E-04    5.6811E-03
  3.1623E+00    3.8256E-04    1.3055E-04    7.3649E-04    1.0714E-04    2.9115E-03
  3.5481E+00    1.7894E-04    5.9691E-05    3.5914E-04    4.8869E-05    1.4659E-03
  3.9811E+00    8.2263E-05    2.5917E-05    1.7785E-04    2.1559E-05    7.2578E-04
  4.4668E+00    3.7185E-05    1.0402E-05    8.6774E-05    9.1982E-06    3.5379E-04
  5.0119E+00    1.5994E-05    4.3097E-06    4.1758E-05    3.8587E-06    1.6997E-04
  5.6234E+00    6.7541E-06    1.8130E-06    1.9798E-05    1.5761E-06    8.0508E-05
  6.3096E+00    2.8038E-06    7.6688E-07    9.2562E-06    5.9522E-07    3.7677E-05
  7.0795E+00    1.1436E-06    3.2008E-07    4.2746E-06    2.2062E-07    1.7363E-05
  7.9433E+00    4.5908E-07    1.3174E-07    1.9486E-06    8.0244E-08    7.8801E-06
  8.9125E+00    1.8154E-07    5.3538E-08    8.7684E-07    2.8642E-08    3.5395E-06
  1.0000E+01    7.0663E-08    2.1471E-08    3.6436E-07    1.0044E-08    1.5703E-06
  1.1220E+01    2.7105E-08    8.4610E-09    1.4893E-07    3.4549E-09    6.8663E-07
  1.2589E+01    1.0479E-08    3.1687E-09    6.0100E-08    1.1638E-09    2.9915E-07
  1.4125E+01    4.1475E-09    1.1603E-09    2.3940E-08    3.8559E-10    1.2822E-07
  1.5849E+01    1.6305E-09    4.1872E-10    9.3322E-09    1.2568E-10    5.1873E-08
  1.7783E+01    6.3425E-10    1.4878E-10    3.5756E-09    4.0233E-11    2.0922E-08
  1.9953E+01    2.4374E-10    5.2058E-11    1.3645E-09    1.2647E-11    8.5350E-09
  2.2387E+01    9.2542E-11    1.7935E-11    5.1585E-10    3.9034E-12    3.4556E-09
  2.5119E+01    3.4712E-11    6.0842E-12    1.9258E-10    1.1829E-12    1.3825E-09
  2.8184E+01    1.2864E-11    2.0325E-12    7.1005E-11    3.5201E-13    5.4637E-10
  3.1623E+01    4.7097E-12    6.6859E-13    2.5856E-11    1.0286E-13    2.1345E-10
  3.5481E+01    1.7033E-12    2.1656E-13    9.2997E-12    2.9511E-14    8.2413E-11
  3.9811E+01    6.0855E-13    6.9062E-14    3.3037E-12    8.3132E-15    3.1429E-11
  4.4668E+01    2.1476E-13    2.1685E-14    1.1591E-12    2.2993E-15    1.1837E-11
  5.0119E+01    7.4859E-14    6.7043E-15    4.0168E-13    6.2440E-16    4.4026E-12
  5.6234E+01    2.5773E-14    2.0407E-15    1.3747E-13    1.6647E-16    1.6173E-12
  6.3096E+01    8.1403E-15    6.1164E-16    4.6461E-14    4.3575E-17    5.8676E-13
  7.0795E+01    2.5322E-15    1.8051E-16    1.5507E-14    1.1200E-17    2.1024E-13
  7.9433E+01    7.7646E-16    5.2829E-17    5.1110E-15    2.8267E-18    7.4435E-14
  8.9125E+01    2.3470E-16    1.5461E-17    1.6637E-15    7.0978E-19    2.6040E-14
