# Differential number counts predicted by the model of Bethermin, Dole, Lagache, Le Borgne and Penin (2010, submitted to A&A)
# This file contains the prediction for Planck HFI 545 GHz
# column 1: S (in Jy)
# column 2: median dN/dS (gal/Jy/sr)
# column 3: 1-sigma inf dN/dS (gal/Jy/sr)
# column 4: 1-sigma sup dN/dS (gal/Jy/sr)
# column 5: 2-sigma inf dN/dS (gal/Jy/sr)
# column 6: 2-sigma sup dN/dS (gal/Jy/sr)
# WARNING: Due to the grid in redshift, there is an artficial deviation from the euclidian behavior at very high flux (S>1Jy). Use the model in this regime with caution.
# desc: flux@@float dnds_median@@float dnds_inf1@@float dnds_sup1@@float dnds_inf2@@float dnds_sup2@@float
  1.0000E-08    4.3780E+16    1.4241E+16    9.9022E+16    2.9365E+15    1.5989E+17
  1.1220E-08    3.8309E+16    1.2625E+16    8.5940E+16    2.6601E+15    1.3808E+17
  1.2589E-08    3.3523E+16    1.1192E+16    7.4586E+16    2.4096E+15    1.1924E+17
  1.4125E-08    2.9333E+16    9.9218E+15    6.4731E+16    2.1827E+15    1.0297E+17
  1.5849E-08    2.5668E+16    8.7958E+15    5.6180E+16    1.9773E+15    8.8916E+16
  1.7783E-08    2.2461E+16    7.7975E+15    4.8758E+16    1.7911E+15    7.6784E+16
  1.9953E-08    1.9654E+16    6.9124E+15    4.2315E+16    1.6225E+15    6.6306E+16
  2.2387E-08    1.7201E+16    6.1294E+15    3.6731E+16    1.4701E+15    5.7266E+16
  2.5119E-08    1.5054E+16    5.4349E+15    3.1883E+16    1.3319E+15    4.9458E+16
  2.8184E-08    1.3174E+16    4.8188E+15    2.7673E+16    1.2067E+15    4.2713E+16
  3.1623E-08    1.1529E+16    4.2724E+15    2.4019E+16    1.0932E+15    3.6888E+16
  3.5481E-08    1.0089E+16    3.7878E+15    2.0848E+16    9.9033E+14    3.1856E+16
  3.9811E-08    8.8286E+15    3.3582E+15    1.8094E+16    8.9714E+14    2.7511E+16
  4.4668E-08    7.7257E+15    2.9772E+15    1.5704E+16    8.1271E+14    2.3758E+16
  5.0119E-08    6.7605E+15    2.6394E+15    1.3630E+16    7.3622E+14    2.0517E+16
  5.6234E-08    5.9160E+15    2.3399E+15    1.1830E+16    6.6693E+14    1.7718E+16
  6.3096E-08    5.1769E+15    2.0744E+15    1.0267E+16    6.0414E+14    1.5301E+16
  7.0795E-08    4.5300E+15    1.8389E+15    8.9109E+15    5.4727E+14    1.3213E+16
  7.9433E-08    3.9641E+15    1.6303E+15    7.7338E+15    4.9575E+14    1.1410E+16
  8.9125E-08    3.4688E+15    1.4452E+15    6.7121E+15    4.4908E+14    9.8534E+15
  1.0000E-07    3.0353E+15    1.2812E+15    5.8254E+15    4.0680E+14    8.5089E+15
  1.1220E-07    2.6561E+15    1.1358E+15    5.0558E+15    3.6850E+14    7.3479E+15
  1.2589E-07    2.3242E+15    1.0069E+15    4.3879E+15    3.3380E+14    6.3454E+15
  1.4125E-07    2.0338E+15    8.9259E+14    3.8082E+15    3.0237E+14    5.4795E+15
  1.5849E-07    1.7797E+15    7.9128E+14    3.3051E+15    2.7391E+14    4.7319E+15
  1.7783E-07    1.5573E+15    7.0147E+14    2.8684E+15    2.4812E+14    4.0862E+15
  1.9953E-07    1.3627E+15    6.2184E+14    2.4895E+15    2.2475E+14    3.5286E+15
  2.2387E-07    1.1924E+15    5.5126E+14    2.1606E+15    2.0359E+14    3.0472E+15
  2.5119E-07    1.0434E+15    4.8869E+14    1.8751E+15    1.8442E+14    2.6314E+15
  2.8184E-07    9.1303E+14    4.3322E+14    1.6274E+15    1.6706E+14    2.2723E+15
  3.1623E-07    7.9894E+14    3.8404E+14    1.4124E+15    1.5133E+14    1.9623E+15
  3.5481E-07    6.9925E+14    3.4045E+14    1.2258E+15    1.3708E+14    1.6945E+15
  3.9811E-07    6.1218E+14    3.0181E+14    1.0638E+15    1.2417E+14    1.4633E+15
  4.4668E-07    5.3596E+14    2.6755E+14    9.2327E+14    1.1248E+14    1.2636E+15
  5.0119E-07    4.6923E+14    2.3718E+14    8.0129E+14    1.0189E+14    1.0912E+15
  5.6234E-07    4.1080E+14    2.1026E+14    6.9543E+14    9.2294E+13    9.4230E+14
  6.3096E-07    3.5965E+14    1.8639E+14    6.0355E+14    8.3603E+13    8.1372E+14
  7.0795E-07    3.1487E+14    1.6524E+14    5.2381E+14    7.5730E+13    7.0269E+14
  7.9433E-07    2.7566E+14    1.4648E+14    4.5464E+14    6.8599E+13    6.0680E+14
  8.9125E-07    2.4134E+14    1.2985E+14    3.9520E+14    6.2138E+13    5.2400E+14
  1.0000E-06    2.1129E+14    1.1511E+14    3.4354E+14    5.6286E+13    4.5250E+14
  1.1220E-06    1.8498E+14    1.0205E+14    2.9863E+14    5.0985E+13    3.9076E+14
  1.2589E-06    1.6195E+14    9.1625E+13    2.5959E+14    4.6183E+13    3.3744E+14
  1.4125E-06    1.4179E+14    8.1823E+13    2.2566E+14    4.1833E+13    2.9139E+14
  1.5849E-06    1.2413E+14    7.2234E+13    1.9616E+14    3.7892E+13    2.5163E+14
  1.7783E-06    1.0868E+14    6.3769E+13    1.7052E+14    3.4322E+13    2.1730E+14
  1.9953E-06    9.5146E+13    5.6295E+13    1.4822E+14    3.1088E+13    1.8765E+14
  2.2387E-06    8.3300E+13    4.9698E+13    1.2885E+14    2.8159E+13    1.6204E+14
  2.5119E-06    7.2928E+13    4.3906E+13    1.1201E+14    2.5505E+13    1.3993E+14
  2.8184E-06    6.3848E+13    3.8923E+13    9.7364E+13    2.3100E+13    1.2084E+14
  3.1623E-06    5.5898E+13    3.4505E+13    8.4637E+13    2.0922E+13    1.0435E+14
  3.5481E-06    4.8938E+13    3.0588E+13    7.3574E+13    1.8948E+13    9.0111E+13
  3.9811E-06    4.2845E+13    2.7116E+13    6.3957E+13    1.7160E+13    7.7815E+13
  4.4668E-06    3.7511E+13    2.4038E+13    5.5597E+13    1.5540E+13    6.7198E+13
  5.0119E-06    3.2840E+13    2.1310E+13    4.8330E+13    1.4072E+13    5.8029E+13
  5.6234E-06    2.8751E+13    1.8891E+13    4.2013E+13    1.2742E+13    5.0111E+13
  6.3096E-06    2.5172E+13    1.6746E+13    3.6523E+13    1.1394E+13    4.3273E+13
  7.0795E-06    2.2038E+13    1.4846E+13    3.1750E+13    1.0144E+13    3.7369E+13
  7.9433E-06    1.9294E+13    1.3160E+13    2.7601E+13    9.0305E+12    3.2270E+13
  8.9125E-06    1.6892E+13    1.1666E+13    2.3994E+13    8.0395E+12    2.7867E+13
  1.0000E-05    1.4789E+13    1.0342E+13    2.0859E+13    7.1571E+12    2.4065E+13
  1.1220E-05    1.2947E+13    9.1670E+12    1.8133E+13    6.3717E+12    2.0782E+13
  1.2589E-05    1.1393E+13    8.1256E+12    1.5764E+13    5.6725E+12    1.7946E+13
  1.4125E-05    1.0009E+13    7.2023E+12    1.3704E+13    5.0500E+12    1.5497E+13
  1.5849E-05    8.7378E+12    6.3836E+12    1.1914E+13    4.4960E+12    1.3417E+13
  1.7783E-05    7.6283E+12    5.6578E+12    1.0358E+13    4.0028E+12    1.1644E+13
  1.9953E-05    6.6972E+12    5.0143E+12    9.0050E+12    3.5638E+12    1.0105E+13
  2.2387E-05    5.8905E+12    4.4438E+12    7.8291E+12    3.1731E+12    8.7690E+12
  2.5119E-05    5.1656E+12    3.9380E+12    6.8070E+12    2.8253E+12    7.6096E+12
  2.8184E-05    4.5169E+12    3.4896E+12    5.9185E+12    2.5158E+12    6.6033E+12
  3.1623E-05    3.9497E+12    3.0921E+12    5.1463E+12    2.2404E+12    5.7297E+12
  3.5481E-05    3.4700E+12    2.7398E+12    4.4751E+12    1.9953E+12    4.9714E+12
  3.9811E-05    3.0568E+12    2.4276E+12    3.8918E+12    1.7773E+12    4.3131E+12
  4.4668E-05    2.6932E+12    2.1510E+12    3.3848E+12    1.5834E+12    3.7417E+12
  5.0119E-05    2.3732E+12    1.9060E+12    2.9442E+12    1.4109E+12    3.2455E+12
  5.6234E-05    2.0919E+12    1.6892E+12    2.5614E+12    1.2575E+12    2.8148E+12
  6.3096E-05    1.8444E+12    1.4972E+12    2.2289E+12    1.1211E+12    2.4409E+12
  7.0795E-05    1.6269E+12    1.3274E+12    1.9400E+12    9.9991E+11    2.1163E+12
  7.9433E-05    1.4358E+12    1.1773E+12    1.7074E+12    8.9222E+11    1.8345E+12
  8.9125E-05    1.2656E+12    1.0447E+12    1.4857E+12    7.9657E+11    1.5901E+12
  1.0000E-04    1.1154E+12    9.2754E+11    1.2843E+12    7.1162E+11    1.3780E+12
  1.1220E-04    9.7184E+11    8.2714E+11    1.1158E+12    6.3619E+11    1.1940E+12
  1.2589E-04    8.4692E+11    7.3909E+11    9.6635E+11    5.6921E+11    1.0346E+12
  1.4125E-04    7.3861E+11    6.5443E+11    8.3729E+11    5.0971E+11    9.0530E+11
  1.5849E-04    6.4472E+11    5.7933E+11    7.2587E+11    4.5683E+11    7.9808E+11
  1.7783E-04    5.6336E+11    5.1293E+11    6.2974E+11    4.0981E+11    7.0385E+11
  1.9953E-04    4.9285E+11    4.5457E+11    5.4684E+11    3.6792E+11    6.2096E+11
  2.2387E-04    4.3173E+11    4.0324E+11    4.8239E+11    3.3054E+11    5.4797E+11
  2.5119E-04    3.7871E+11    3.5799E+11    4.2878E+11    2.9711E+11    4.8362E+11
  2.8184E-04    3.3817E+11    3.1800E+11    3.8113E+11    2.6709E+11    4.2677E+11
  3.1623E-04    3.0241E+11    2.8254E+11    3.3380E+11    2.4000E+11    3.7640E+11
  3.5481E-04    2.7020E+11    2.5096E+11    2.9275E+11    2.1544E+11    3.3167E+11
  3.9811E-04    2.3922E+11    2.2171E+11    2.5938E+11    1.9309E+11    2.9185E+11
  4.4668E-04    2.0976E+11    1.9556E+11    2.2870E+11    1.7267E+11    2.5637E+11
  5.0119E-04    1.8369E+11    1.7323E+11    2.0058E+11    1.5396E+11    2.2467E+11
  5.6234E-04    1.6054E+11    1.5314E+11    1.7563E+11    1.3675E+11    1.9630E+11
  6.3096E-04    1.3990E+11    1.3496E+11    1.5340E+11    1.2089E+11    1.7087E+11
  7.0795E-04    1.2145E+11    1.1808E+11    1.3378E+11    1.0627E+11    1.4805E+11
  7.9433E-04    1.0505E+11    1.0225E+11    1.1738E+11    9.2791E+10    1.2758E+11
  8.9125E-04    9.1272E+10    8.7957E+10    1.0087E+11    8.0409E+10    1.0924E+11
  1.0000E-03    7.8844E+10    7.5109E+10    8.6041E+10    6.9095E+10    9.2849E+10
  1.1220E-03    6.7589E+10    6.4349E+10    7.4032E+10    5.8838E+10    7.8277E+10
  1.2589E-03    5.7440E+10    5.4575E+10    6.2497E+10    4.9627E+10    6.5404E+10
  1.4125E-03    4.8348E+10    4.5419E+10    5.2403E+10    4.1439E+10    5.4122E+10
  1.5849E-03    4.0274E+10    3.7413E+10    4.3568E+10    3.4245E+10    4.4692E+10
  1.7783E-03    3.3181E+10    3.0508E+10    3.5833E+10    2.7999E+10    3.6809E+10
  1.9953E-03    2.6918E+10    2.4618E+10    2.8751E+10    2.2644E+10    3.0005E+10
  2.2387E-03    2.1348E+10    1.9650E+10    2.2751E+10    1.8112E+10    2.4136E+10
  2.5119E-03    1.6730E+10    1.5513E+10    1.8008E+10    1.4326E+10    1.9146E+10
  2.8184E-03    1.2951E+10    1.2108E+10    1.4119E+10    1.1204E+10    1.4968E+10
  3.1623E-03    9.9585E+09    9.3431E+09    1.0935E+10    8.6620E+09    1.1523E+10
  3.5481E-03    7.6337E+09    7.1254E+09    8.3634E+09    6.6197E+09    8.7282E+09
  3.9811E-03    5.7797E+09    5.3199E+09    6.3144E+09    5.0002E+09    6.5008E+09
  4.4668E-03    4.2629E+09    3.9210E+09    4.7043E+09    3.7323E+09    4.8259E+09
  5.0119E-03    3.0941E+09    2.8814E+09    3.4191E+09    2.7526E+09    3.5387E+09
  5.6234E-03    2.2413E+09    2.0625E+09    2.4148E+09    1.9887E+09    2.5590E+09
  6.3096E-03    1.6007E+09    1.4532E+09    1.7250E+09    1.3878E+09    1.8251E+09
  7.0795E-03    1.1156E+09    1.0253E+09    1.1984E+09    9.5306E+08    1.2838E+09
  7.9433E-03    7.6269E+08    7.1427E+08    8.1951E+08    6.4399E+08    8.9066E+08
  8.9125E-03    5.2323E+08    4.8246E+08    5.6185E+08    4.2817E+08    6.0960E+08
  1.0000E-02    3.5357E+08    3.2109E+08    3.7909E+08    2.8017E+08    4.1169E+08
  1.1220E-02    2.3390E+08    2.0917E+08    2.5161E+08    1.8046E+08    2.7445E+08
  1.2589E-02    1.5236E+08    1.3233E+08    1.6424E+08    1.1446E+08    1.8065E+08
  1.4125E-02    9.8104E+07    8.3109E+07    1.0548E+08    7.1555E+07    1.1749E+08
  1.5849E-02    6.2491E+07    5.2168E+07    6.6555E+07    4.4138E+07    7.5568E+07
  1.7783E-02    3.9349E+07    3.2305E+07    4.2207E+07    2.6874E+07    4.8076E+07
  1.9953E-02    2.4462E+07    1.9742E+07    2.6379E+07    1.6172E+07    3.0273E+07
  2.2387E-02    1.4701E+07    1.1924E+07    1.6000E+07    9.6327E+06    1.8890E+07
  2.5119E-02    8.9052E+06    7.1259E+06    9.8020E+06    5.6915E+06    1.1691E+07
  2.8184E-02    5.2798E+06    4.2215E+06    5.9358E+06    3.3451E+06    7.1841E+06
  3.1623E-02    3.0946E+06    2.4843E+06    3.5312E+06    1.9617E+06    4.3886E+06
  3.5481E-02    1.8138E+06    1.4712E+06    2.0796E+06    1.1524E+06    2.6692E+06
  3.9811E-02    1.0591E+06    8.7418E+05    1.2176E+06    6.8112E+05    1.6191E+06
  4.4668E-02    6.2030E+05    5.1250E+05    7.1084E+05    4.0673E+05    9.8119E+05
  5.0119E-02    3.6613E+05    3.0291E+05    4.1841E+05    2.4643E+05    5.9527E+05
  5.6234E-02    2.1481E+05    1.8128E+05    2.5223E+05    1.5161E+05    3.6229E+05
  6.3096E-02    1.2858E+05    1.1029E+05    1.5160E+05    9.4405E+04    2.2169E+05
  7.0795E-02    7.9974E+04    6.8949E+04    9.2833E+04    6.0195E+04    1.3669E+05
  7.9433E-02    5.1718E+04    4.3890E+04    5.7797E+04    3.9307E+04    8.5112E+04
  8.9125E-02    3.3246E+04    2.8357E+04    3.6355E+04    2.6239E+04    5.3616E+04
  1.0000E-01    2.1758E+04    1.9207E+04    2.3349E+04    1.7847E+04    3.4212E+04
  1.1220E-01    1.4364E+04    1.2880E+04    1.5794E+04    1.2056E+04    2.2140E+04
  1.2589E-01    9.9833E+03    8.9760E+03    1.0773E+04    8.2707E+03    1.4536E+04
  1.4125E-01    6.7922E+03    6.2018E+03    7.5253E+03    5.7563E+03    9.6772E+03
  1.5849E-01    4.8231E+03    4.3098E+03    5.2512E+03    4.0563E+03    6.5296E+03
  1.7783E-01    3.4514E+03    3.0361E+03    3.6868E+03    2.8890E+03    4.4650E+03
  1.9953E-01    2.4644E+03    2.1622E+03    2.6520E+03    2.0743E+03    3.0926E+03
  2.2387E-01    1.7680E+03    1.5579E+03    1.9149E+03    1.4985E+03    2.1632E+03
  2.5119E-01    1.2742E+03    1.1270E+03    1.3877E+03    1.0888E+03    1.5270E+03
  2.8184E-01    9.2541E+02    8.1723E+02    1.0089E+03    7.9496E+02    1.0978E+03
  3.1623E-01    6.7351E+02    5.9604E+02    7.3626E+02    5.8313E+02    7.9321E+02
  3.5481E-01    4.9155E+02    4.3620E+02    5.3837E+02    4.2871E+02    5.7504E+02
  3.9811E-01    3.5977E+02    3.2006E+02    3.9383E+02    3.1552E+02    4.1791E+02
  4.4668E-01    2.6449E+02    2.3574E+02    2.8835E+02    2.3266E+02    3.0467E+02
  5.0119E-01    1.9514E+02    1.7420E+02    2.1200E+02    1.7189E+02    2.2281E+02
  5.6234E-01    1.4433E+02    1.2900E+02    1.5634E+02    1.2718E+02    1.6335E+02
  6.3096E-01    1.0694E+02    9.5657E+01    1.1555E+02    9.4181E+01    1.2001E+02
  7.0795E-01    7.9432E+01    7.1107E+01    8.5605E+01    6.9865E+01    8.8377E+01
  7.9433E-01    5.8927E+01    5.2830E+01    6.3368E+01    5.1803E+01    6.5163E+01
  8.9125E-01    4.3630E+01    3.9202E+01    4.6869E+01    3.8350E+01    4.8032E+01
  1.0000E+00    3.2319E+01    2.9109E+01    3.4708E+01    2.8400E+01    3.5416E+01
  1.1220E+00    2.3936E+01    2.1594E+01    2.5722E+01    2.1014E+01    2.6110E+01
  1.2589E+00    1.7702E+01    1.5972E+01    1.9061E+01    1.5515E+01    1.9402E+01
  1.4125E+00    1.3055E+01    1.1751E+01    1.4036E+01    1.1408E+01    1.4411E+01
  1.5849E+00    9.5679E+00    8.5760E+00    1.0319E+01    8.3356E+00    1.0679E+01
  1.7783E+00    6.9874E+00    6.2048E+00    7.5612E+00    6.0502E+00    7.8859E+00
  1.9953E+00    5.0618E+00    4.4410E+00    5.5007E+00    4.3470E+00    5.7905E+00
  2.2387E+00    3.6273E+00    3.1456E+00    3.9625E+00    3.0750E+00    4.2142E+00
  2.5119E+00    2.6038E+00    2.2012E+00    2.8197E+00    2.1447E+00    3.0304E+00
  2.8184E+00    1.8387E+00    1.5118E+00    1.9846E+00    1.4780E+00    2.1532E+00
  3.1623E+00    1.2755E+00    1.0297E+00    1.3712E+00    9.9837E-01    1.5001E+00
  3.5481E+00    8.5885E-01    6.8531E-01    9.3186E-01    6.5257E-01    1.0592E+00
  3.9811E+00    5.6630E-01    4.4822E-01    6.3132E-01    4.1786E-01    7.4228E-01
  4.4668E+00    3.6641E-01    2.8668E-01    4.2591E-01    2.6211E-01    5.1384E-01
  5.0119E+00    2.3648E-01    1.7963E-01    2.8082E-01    1.6074E-01    3.5016E-01
  5.6234E+00    1.4839E-01    1.1027E-01    1.7904E-01    9.6248E-02    2.3415E-01
  6.3096E+00    9.0334E-02    6.6316E-02    1.1388E-01    5.6283E-02    1.5325E-01
  7.0795E+00    5.3764E-02    3.9104E-02    7.0661E-02    3.2166E-02    9.8041E-02
  7.9433E+00    3.1270E-02    2.2581E-02    4.2368E-02    1.7963E-02    6.1179E-02
  8.9125E+00    1.7777E-02    1.2702E-02    2.4743E-02    9.8060E-03    3.7191E-02
  1.0000E+01    9.8788E-03    6.9894E-03    1.4070E-02    5.2334E-03    2.2001E-02
  1.1220E+01    5.3708E-03    3.7659E-03    7.7959E-03    2.7332E-03    1.2666E-02
  1.2589E+01    2.7345E-03    1.9877E-03    4.2119E-03    1.3975E-03    7.0981E-03
  1.4125E+01    1.3931E-03    1.0281E-03    2.2205E-03    6.9991E-04    3.8739E-03
  1.5849E+01    7.0840E-04    5.2173E-04    1.1521E-03    3.4367E-04    2.0625E-03
  1.7783E+01    3.5313E-04    2.5979E-04    5.7957E-04    1.6548E-04    1.0723E-03
  1.9953E+01    1.7269E-04    1.2616E-04    2.8544E-04    7.8196E-05    5.4523E-04
  2.2387E+01    8.2894E-05    5.9721E-05    1.3787E-04    3.6282E-05    2.7166E-04
  2.5119E+01    3.9076E-05    2.7922E-05    6.5537E-05    1.6536E-05    1.3279E-04
  2.8184E+01    1.8101E-05    1.2659E-05    3.0620E-05    7.4066E-06    6.7360E-05
  3.1623E+01    8.4119E-06    5.6724E-06    1.4073E-05    3.2614E-06    3.3973E-05
  3.5481E+01    3.8638E-06    2.4972E-06    6.3658E-06    1.4121E-06    1.6886E-05
  3.9811E+01    1.7493E-06    1.0805E-06    2.8358E-06    6.0144E-07    8.2749E-06
  4.4668E+01    7.8110E-07    4.5963E-07    1.2456E-06    2.5208E-07    4.0004E-06
  5.0119E+01    3.3726E-07    1.9224E-07    5.3964E-07    1.0397E-07    1.9079E-06
  5.6234E+01    1.4066E-07    7.9060E-08    2.3061E-07    4.2202E-08    8.9787E-07
  6.3096E+01    6.0828E-08    3.1981E-08    9.7342E-08    1.6864E-08    4.1715E-07
  7.0795E+01    2.5958E-08    1.2725E-08    4.0558E-08    6.5643E-09    1.9133E-07
  7.9433E+01    1.0924E-08    4.9798E-09    1.6620E-08    2.3485E-09    8.6597E-08
  8.9125E+01    4.4259E-09    1.9176E-09    6.7382E-09    8.2437E-10    3.8721E-08
