# Differential number counts predicted by the model of Bethermin, Dole, Lagache, Le Borgne and Penin (2010, submitted to A&A)
# This file contains the prediction for Herschel SPIRE 250 um
# column 1: S (in Jy)
# column 2: median dN/dS (gal/Jy/sr)
# column 3: 1-sigma inf dN/dS (gal/Jy/sr)
# column 4: 1-sigma sup dN/dS (gal/Jy/sr)
# column 5: 2-sigma inf dN/dS (gal/Jy/sr)
# column 6: 2-sigma sup dN/dS (gal/Jy/sr)
# WARNING: Due to the grid in redshift, there is an artficial deviation from the euclidian behavior at very high flux (S>1Jy). Use the model in this regime with caution.
# desc: flux@@float dnds_median@@float dnds_inf1@@float dnds_sup1@@float dnds_inf2@@float dnds_sup2@@float
  1.0000E-08    4.6160E+16    1.4157E+16    1.0214E+17    3.3587E+15    1.6640E+17
  1.1220E-08    4.0393E+16    1.2550E+16    8.8646E+16    3.0425E+15    1.4370E+17
  1.2589E-08    3.5345E+16    1.1125E+16    7.6934E+16    2.7561E+15    1.2409E+17
  1.4125E-08    3.0929E+16    9.8627E+15    6.6770E+16    2.4966E+15    1.0716E+17
  1.5849E-08    2.7064E+16    8.7434E+15    5.7948E+16    2.2616E+15    9.2534E+16
  1.7783E-08    2.3682E+16    7.7510E+15    5.0292E+16    2.0487E+15    7.9914E+16
  1.9953E-08    2.0726E+16    6.8712E+15    4.3654E+16    1.8558E+15    6.9014E+16
  2.2387E-08    1.8139E+16    6.0936E+15    3.7891E+16    1.6817E+15    5.9600E+16
  2.5119E-08    1.5873E+16    5.4029E+15    3.2887E+16    1.5236E+15    5.1469E+16
  2.8184E-08    1.3891E+16    4.7902E+15    2.8544E+16    1.3803E+15    4.4449E+16
  3.1623E-08    1.2155E+16    4.2469E+15    2.4774E+16    1.2504E+15    3.8385E+16
  3.5481E-08    1.0637E+16    3.7651E+15    2.1502E+16    1.1328E+15    3.3149E+16
  3.9811E-08    9.3080E+15    3.3380E+15    1.8662E+16    1.0262E+15    2.8626E+16
  4.4668E-08    8.1450E+15    2.9592E+15    1.6197E+16    9.2960E+14    2.4721E+16
  5.0119E-08    7.1274E+15    2.6235E+15    1.4057E+16    8.4210E+14    2.1348E+16
  5.6234E-08    6.2369E+15    2.3258E+15    1.2200E+16    7.6284E+14    1.8436E+16
  6.3096E-08    5.4576E+15    2.0618E+15    1.0589E+16    6.9104E+14    1.5920E+16
  7.0795E-08    4.7757E+15    1.8278E+15    9.1897E+15    6.2599E+14    1.3748E+16
  7.9433E-08    4.1790E+15    1.6204E+15    7.9757E+15    5.6706E+14    1.1872E+16
  8.9125E-08    3.6568E+15    1.4365E+15    6.9220E+15    5.1368E+14    1.0252E+16
  1.0000E-07    3.1999E+15    1.2734E+15    6.0075E+15    4.6532E+14    8.8534E+15
  1.1220E-07    2.8007E+15    1.1289E+15    5.2139E+15    4.2152E+14    7.6454E+15
  1.2589E-07    2.4520E+15    1.0008E+15    4.5251E+15    3.8184E+14    6.6022E+15
  1.4125E-07    2.1467E+15    8.8718E+14    3.9272E+15    3.4589E+14    5.7013E+15
  1.5849E-07    1.8794E+15    7.8649E+14    3.4084E+15    3.1333E+14    4.9234E+15
  1.7783E-07    1.6454E+15    6.9722E+14    2.9581E+15    2.8383E+14    4.2516E+15
  1.9953E-07    1.4406E+15    6.1808E+14    2.5673E+15    2.5711E+14    3.6714E+15
  2.2387E-07    1.2612E+15    5.4793E+14    2.2281E+15    2.3290E+14    3.1705E+15
  2.5119E-07    1.1042E+15    4.8574E+14    1.9337E+15    2.1097E+14    2.7378E+15
  2.8184E-07    9.6669E+14    4.3061E+14    1.6783E+15    1.9111E+14    2.3643E+15
  3.1623E-07    8.4633E+14    3.8173E+14    1.4565E+15    1.7311E+14    2.0416E+15
  3.5481E-07    7.4095E+14    3.3841E+14    1.2641E+15    1.5680E+14    1.7631E+15
  3.9811E-07    6.4869E+14    3.0000E+14    1.0971E+15    1.4203E+14    1.5225E+15
  4.4668E-07    5.6792E+14    2.6595E+14    9.5213E+14    1.2865E+14    1.3147E+15
  5.0119E-07    4.9721E+14    2.3760E+14    8.2634E+14    1.1652E+14    1.1353E+15
  5.6234E-07    4.3530E+14    2.1430E+14    7.1717E+14    1.0553E+14    9.8042E+14
  6.3096E-07    3.8110E+14    1.9326E+14    6.2241E+14    9.5573E+13    8.4664E+14
  7.0795E-07    3.3365E+14    1.7426E+14    5.4018E+14    8.6550E+13    7.3112E+14
  7.9433E-07    2.9211E+14    1.5515E+14    4.6881E+14    7.8371E+13    6.3135E+14
  8.9125E-07    2.5574E+14    1.3697E+14    4.0687E+14    7.0958E+13    5.4520E+14
  1.0000E-06    2.2389E+14    1.2092E+14    3.5312E+14    6.4240E+13    4.7081E+14
  1.1220E-06    1.9602E+14    1.0674E+14    3.0646E+14    5.8150E+13    4.0656E+14
  1.2589E-06    1.7161E+14    9.4234E+13    2.6597E+14    5.2629E+13    3.5109E+14
  1.4125E-06    1.5024E+14    8.3189E+13    2.3083E+14    4.7621E+13    3.0318E+14
  1.5849E-06    1.3153E+14    7.3440E+13    2.0033E+14    4.3077E+13    2.6181E+14
  1.7783E-06    1.1516E+14    6.4832E+13    1.7386E+14    3.8954E+13    2.2608E+14
  1.9953E-06    1.0082E+14    5.7233E+13    1.5088E+14    3.5212E+13    1.9523E+14
  2.2387E-06    8.8261E+13    5.0524E+13    1.3094E+14    3.1814E+13    1.6859E+14
  2.5119E-06    7.7269E+13    4.4601E+13    1.1363E+14    2.8729E+13    1.4558E+14
  2.8184E-06    6.7645E+13    3.9372E+13    9.8612E+13    2.5768E+13    1.2571E+14
  3.1623E-06    5.9219E+13    3.4755E+13    8.5575E+13    2.2933E+13    1.0855E+14
  3.5481E-06    5.1841E+13    3.0679E+13    7.4373E+13    2.0408E+13    9.3734E+13
  3.9811E-06    4.5382E+13    2.7080E+13    6.4641E+13    1.8160E+13    8.0938E+13
  4.4668E-06    3.9726E+13    2.3903E+13    5.6180E+13    1.6159E+13    6.9887E+13
  5.0119E-06    3.4774E+13    2.1114E+13    4.8825E+13    1.4377E+13    6.0343E+13
  5.6234E-06    3.0379E+13    1.8701E+13    4.2430E+13    1.2790E+13    5.2102E+13
  6.3096E-06    2.6506E+13    1.6560E+13    3.6872E+13    1.1377E+13    4.4984E+13
  7.0795E-06    2.3126E+13    1.4661E+13    3.2039E+13    1.0119E+13    3.8837E+13
  7.9433E-06    2.0175E+13    1.2977E+13    2.7839E+13    8.9993E+12    3.3529E+13
  8.9125E-06    1.7600E+13    1.1484E+13    2.4188E+13    8.0027E+12    2.8945E+13
  1.0000E-05    1.5352E+13    1.0161E+13    2.1014E+13    7.1158E+12    2.4987E+13
  1.1220E-05    1.3391E+13    8.9883E+12    1.8255E+13    6.3264E+12    2.1568E+13
  1.2589E-05    1.1696E+13    7.9487E+12    1.5858E+13    5.6238E+12    1.8617E+13
  1.4125E-05    1.0226E+13    7.0275E+12    1.3774E+13    4.9986E+12    1.6068E+13
  1.5849E-05    8.9398E+12    6.2113E+12    1.1963E+13    4.4424E+12    1.3867E+13
  1.7783E-05    7.8149E+12    5.4885E+12    1.0389E+13    3.9476E+12    1.1966E+13
  1.9953E-05    6.8310E+12    4.8486E+12    9.0215E+12    3.5076E+12    1.0326E+13
  2.2387E-05    5.9706E+12    4.2823E+12    7.8334E+12    3.1163E+12    8.9094E+12
  2.5119E-05    5.2182E+12    3.7815E+12    6.8013E+12    2.7684E+12    7.7086E+12
  2.8184E-05    4.5604E+12    3.3386E+12    5.9047E+12    2.4592E+12    6.6772E+12
  3.1623E-05    3.9853E+12    2.9473E+12    5.1260E+12    2.1844E+12    5.7829E+12
  3.5481E-05    3.4826E+12    2.6015E+12    4.4497E+12    1.9402E+12    5.0079E+12
  3.9811E-05    3.0432E+12    2.2961E+12    3.8625E+12    1.7232E+12    4.3363E+12
  4.4668E-05    2.6592E+12    2.0264E+12    3.3526E+12    1.5305E+12    3.7546E+12
  5.0119E-05    2.3236E+12    1.7884E+12    2.9100E+12    1.3594E+12    3.2507E+12
  5.6234E-05    2.0304E+12    1.5783E+12    2.5257E+12    1.2074E+12    2.8144E+12
  6.3096E-05    1.7742E+12    1.3929E+12    2.1922E+12    1.0724E+12    2.4365E+12
  7.0795E-05    1.5504E+12    1.2293E+12    1.9027E+12    9.5251E+11    2.1092E+12
  7.9433E-05    1.3535E+12    1.0781E+12    1.6515E+12    8.4608E+11    1.8259E+12
  8.9125E-05    1.1816E+12    9.4239E+11    1.4334E+12    7.5159E+11    1.5806E+12
  1.0000E-04    1.0315E+12    8.2447E+11    1.2442E+12    6.6768E+11    1.3681E+12
  1.1220E-04    9.0060E+11    7.2198E+11    1.0800E+12    5.9317E+11    1.1842E+12
  1.2589E-04    7.8983E+11    6.3281E+11    9.3758E+11    5.2701E+11    1.0249E+12
  1.4125E-04    6.9104E+11    5.5519E+11    8.1395E+11    4.6825E+11    8.8707E+11
  1.5849E-04    6.0412E+11    4.8755E+11    7.0667E+11    4.1606E+11    7.6771E+11
  1.7783E-04    5.2818E+11    4.2856E+11    6.1359E+11    3.6970E+11    6.6438E+11
  1.9953E-04    4.6183E+11    3.7706E+11    5.3281E+11    3.2837E+11    5.7493E+11
  2.2387E-04    4.0385E+11    3.3204E+11    4.6271E+11    2.9171E+11    4.9751E+11
  2.5119E-04    3.5318E+11    2.9264E+11    3.9983E+11    2.5928E+11    4.3048E+11
  2.8184E-04    3.0990E+11    2.5812E+11    3.4500E+11    2.3049E+11    3.7247E+11
  3.1623E-04    2.7191E+11    2.2784E+11    2.9770E+11    2.0479E+11    3.2225E+11
  3.5481E-04    2.3680E+11    2.0124E+11    2.5722E+11    1.8194E+11    2.7878E+11
  3.9811E-04    2.0674E+11    1.7784E+11    2.2433E+11    1.6161E+11    2.4115E+11
  4.4668E-04    1.8086E+11    1.5724E+11    1.9494E+11    1.4353E+11    2.0857E+11
  5.0119E-04    1.5822E+11    1.3907E+11    1.6842E+11    1.2745E+11    1.8037E+11
  5.6234E-04    1.3842E+11    1.2302E+11    1.4551E+11    1.1314E+11    1.5594E+11
  6.3096E-04    1.2108E+11    1.0883E+11    1.2572E+11    1.0040E+11    1.3479E+11
  7.0795E-04    1.0591E+11    9.6252E+10    1.0923E+11    8.9051E+10    1.1647E+11
  7.9433E-04    9.1704E+10    8.5092E+10    9.5556E+10    7.8936E+10    1.0061E+11
  8.9125E-04    7.9144E+10    7.4439E+10    8.3542E+10    6.9914E+10    8.6857E+10
  1.0000E-03    6.8527E+10    6.4977E+10    7.2984E+10    6.1858E+10    7.4944E+10
  1.1220E-03    6.0199E+10    5.6684E+10    6.3697E+10    5.4657E+10    6.5086E+10
  1.2589E-03    5.2129E+10    4.9508E+10    5.5523E+10    4.8214E+10    5.6610E+10
  1.4125E-03    4.5304E+10    4.3576E+10    4.7922E+10    4.2442E+10    4.9190E+10
  1.5849E-03    3.9494E+10    3.7636E+10    4.1630E+10    3.7265E+10    4.2691E+10
  1.7783E-03    3.4444E+10    3.2726E+10    3.6093E+10    3.2339E+10    3.6992E+10
  1.9953E-03    2.9919E+10    2.8533E+10    3.1086E+10    2.7736E+10    3.1990E+10
  2.2387E-03    2.5866E+10    2.4708E+10    2.6750E+10    2.3731E+10    2.7596E+10
  2.5119E-03    2.2241E+10    2.1186E+10    2.3133E+10    2.0242E+10    2.3733E+10
  2.8184E-03    1.9005E+10    1.8089E+10    1.9749E+10    1.7201E+10    2.0336E+10
  3.1623E-03    1.6127E+10    1.5383E+10    1.6783E+10    1.4549E+10    1.7346E+10
  3.5481E-03    1.3577E+10    1.3017E+10    1.4241E+10    1.2238E+10    1.4717E+10
  3.9811E-03    1.1390E+10    1.0948E+10    1.2006E+10    1.0226E+10    1.2409E+10
  4.4668E-03    9.5401E+09    9.1098E+09    1.0046E+10    8.4815E+09    1.0387E+10
  5.0119E-03    7.8931E+09    7.4513E+09    8.3376E+09    6.9749E+09    8.6232E+09
  5.6234E-03    6.4181E+09    6.0712E+09    6.8572E+09    5.6821E+09    7.0939E+09
  6.3096E-03    5.1875E+09    4.9195E+09    5.5845E+09    4.5816E+09    5.7773E+09
  7.0795E-03    4.1613E+09    3.9380E+09    4.5043E+09    3.6538E+09    4.6541E+09
  7.9433E-03    3.2767E+09    3.0792E+09    3.5869E+09    2.8804E+09    3.7060E+09
  8.9125E-03    2.5475E+09    2.3781E+09    2.8258E+09    2.2435E+09    2.9151E+09
  1.0000E-02    1.9700E+09    1.8137E+09    2.1996E+09    1.7260E+09    2.2641E+09
  1.1220E-02    1.5104E+09    1.3660E+09    1.6913E+09    1.3113E+09    1.7358E+09
  1.2589E-02    1.1322E+09    1.0160E+09    1.2822E+09    9.8172E+08    1.3133E+09
  1.4125E-02    8.3634E+08    7.5150E+08    9.5784E+08    7.2149E+08    9.8059E+08
  1.5849E-02    6.0937E+08    5.4965E+08    7.0585E+08    5.2410E+08    7.2264E+08
  1.7783E-02    4.3863E+08    3.9714E+08    5.1325E+08    3.7646E+08    5.2575E+08
  1.9953E-02    3.1427E+08    2.8356E+08    3.6838E+08    2.6755E+08    3.7777E+08
  2.2387E-02    2.2344E+08    2.0016E+08    2.6115E+08    1.8825E+08    2.6933E+08
  2.5119E-02    1.5769E+08    1.3976E+08    1.8343E+08    1.3124E+08    1.9020E+08
  2.8184E-02    1.1027E+08    9.6605E+07    1.2820E+08    9.0731E+07    1.3289E+08
  3.1623E-02    7.6441E+07    6.5577E+07    8.8825E+07    6.2266E+07    9.1927E+07
  3.5481E-02    5.2577E+07    4.4632E+07    6.1063E+07    4.2464E+07    6.3013E+07
  3.9811E-02    3.5909E+07    3.0282E+07    4.1588E+07    2.8814E+07    4.2846E+07
  4.4668E-02    2.4376E+07    2.0317E+07    2.7943E+07    1.9479E+07    2.8932E+07
  5.0119E-02    1.6465E+07    1.3567E+07    1.8680E+07    1.3098E+07    1.9429E+07
  5.6234E-02    1.1079E+07    9.0370E+06    1.2659E+07    8.7434E+06    1.2994E+07
  6.3096E-02    7.4364E+06    6.0158E+06    8.5188E+06    5.8580E+06    8.6832E+06
  7.0795E-02    4.9869E+06    4.0572E+06    5.7232E+06    3.9463E+06    5.8424E+06
  7.9433E-02    3.3462E+06    2.7502E+06    3.8559E+06    2.6768E+06    3.9378E+06
  8.9125E-02    2.2501E+06    1.8735E+06    2.5812E+06    1.7981E+06    2.6705E+06
  1.0000E-01    1.5186E+06    1.2836E+06    1.7380E+06    1.2149E+06    1.8155E+06
  1.1220E-01    1.0300E+06    8.7706E+05    1.1980E+06    8.2673E+05    1.2386E+06
  1.2589E-01    7.0288E+05    6.1398E+05    8.3159E+05    5.6707E+05    8.4874E+05
  1.4125E-01    4.8306E+05    4.2868E+05    5.8114E+05    3.9216E+05    5.8460E+05
  1.5849E-01    3.3452E+05    3.0077E+05    4.0418E+05    2.7341E+05    4.0946E+05
  1.7783E-01    2.3654E+05    2.1248E+05    2.8161E+05    1.9208E+05    2.8964E+05
  1.9953E-01    1.6908E+05    1.5102E+05    1.9739E+05    1.3588E+05    2.0592E+05
  2.2387E-01    1.2133E+05    1.0788E+05    1.3916E+05    9.6728E+04    1.4706E+05
  2.5119E-01    8.7362E+04    7.7306E+04    9.8649E+04    6.9229E+04    1.0543E+05
  2.8184E-01    6.2910E+04    5.5599E+04    7.0284E+04    4.9779E+04    7.5850E+04
  3.1623E-01    4.5206E+04    4.0118E+04    5.0307E+04    3.5936E+04    5.4732E+04
  3.5481E-01    3.2611E+04    2.9032E+04    3.6160E+04    2.6032E+04    3.9599E+04
  3.9811E-01    2.3605E+04    2.1064E+04    2.6088E+04    1.8912E+04    2.8720E+04
  4.4668E-01    1.7136E+04    1.5318E+04    1.8882E+04    1.3774E+04    2.0875E+04
  5.0119E-01    1.2473E+04    1.1164E+04    1.3707E+04    1.0054E+04    1.5203E+04
  5.6234E-01    9.0994E+03    8.1516E+03    9.9749E+03    7.3533E+03    1.1093E+04
  6.3096E-01    6.6512E+03    5.9626E+03    7.2757E+03    5.3869E+03    8.1081E+03
  7.0795E-01    4.8703E+03    4.3686E+03    5.3175E+03    3.9526E+03    5.9357E+03
  7.9433E-01    3.5719E+03    3.2057E+03    3.8934E+03    2.9044E+03    4.3518E+03
  8.9125E-01    2.6234E+03    2.3557E+03    2.8553E+03    2.1371E+03    3.1951E+03
  1.0000E+00    1.9293E+03    1.7333E+03    2.0971E+03    1.5743E+03    2.3490E+03
  1.1220E+00    1.4205E+03    1.2768E+03    1.5422E+03    1.1610E+03    1.7291E+03
  1.2589E+00    1.0470E+03    9.4163E+02    1.1356E+03    8.5701E+02    1.2742E+03
  1.4125E+00    7.7254E+02    6.9520E+02    8.3709E+02    6.3326E+02    9.3994E+02
  1.5849E+00    5.7059E+02    5.1379E+02    6.1771E+02    4.6836E+02    6.9410E+02
  1.7783E+00    4.2179E+02    3.8006E+02    4.5625E+02    3.4667E+02    5.1306E+02
  1.9953E+00    3.1205E+02    2.8139E+02    3.3730E+02    2.5679E+02    3.7957E+02
  2.2387E+00    2.3104E+02    2.0849E+02    2.4956E+02    1.9033E+02    2.8104E+02
  2.5119E+00    1.7117E+02    1.5459E+02    1.8478E+02    1.4114E+02    2.0825E+02
  2.8184E+00    1.2690E+02    1.1471E+02    1.3691E+02    1.0473E+02    1.5440E+02
  3.1623E+00    9.4134E+01    8.5191E+01    1.0151E+02    7.7754E+01    1.1454E+02
  3.5481E+00    6.9867E+01    6.3319E+01    7.5308E+01    5.7759E+01    8.5029E+01
  3.9811E+00    5.1882E+01    4.7098E+01    5.5900E+01    4.2927E+01    6.3161E+01
  4.4668E+00    3.8545E+01    3.5062E+01    4.1515E+01    3.1919E+01    4.6944E+01
  5.0119E+00    2.8648E+01    2.6124E+01    3.0847E+01    2.3746E+01    3.4911E+01
  5.6234E+00    2.1300E+01    1.9480E+01    2.2929E+01    1.7675E+01    2.5978E+01
  6.3096E+00    1.5842E+01    1.4536E+01    1.7050E+01    1.3163E+01    1.9343E+01
  7.0795E+00    1.1803E+01    1.0854E+01    1.2681E+01    9.8069E+00    1.4413E+01
  7.9433E+00    8.8184E+00    8.1074E+00    9.4557E+00    7.3086E+00    1.0746E+01
  8.9125E+00    6.5894E+00    6.0552E+00    7.0538E+00    5.4464E+00    8.0176E+00
  1.0000E+01    4.9215E+00    4.5192E+00    5.2627E+00    4.0560E+00    5.9843E+00
  1.1220E+01    3.6710E+00    3.3690E+00    3.9246E+00    3.0175E+00    4.4665E+00
  1.2589E+01    2.7336E+00    2.5071E+00    2.9236E+00    2.2412E+00    3.3323E+00
  1.4125E+01    2.0302E+00    1.8604E+00    2.1748E+00    1.6601E+00    2.4840E+00
  1.5849E+01    1.5078E+00    1.3752E+00    1.6171E+00    1.2250E+00    1.8484E+00
  1.7783E+01    1.1206E+00    1.0115E+00    1.1993E+00    8.9924E-01    1.3715E+00
  1.9953E+01    8.2949E-01    7.3948E-01    8.8518E-01    6.5586E-01    1.0134E+00
  2.2387E+01    6.1058E-01    5.3674E-01    6.4927E-01    4.7459E-01    7.4478E-01
  2.5119E+01    4.4613E-01    3.8635E-01    4.7251E-01    3.4022E-01    5.4358E-01
  2.8184E+01    3.2292E-01    2.7548E-01    3.4064E-01    2.4125E-01    3.9343E-01
  3.1623E+01    2.3108E-01    1.9439E-01    2.4484E-01    1.6897E-01    2.8193E-01
  3.5481E+01    1.6313E-01    1.3560E-01    1.7593E-01    1.1673E-01    1.9972E-01
  3.9811E+01    1.1435E-01    9.3432E-02    1.2540E-01    7.9425E-02    1.3966E-01
  4.4668E+01    7.9271E-02    6.3531E-02    8.8549E-02    5.3162E-02    9.6262E-02
  5.0119E+01    5.3326E-02    4.2408E-02    6.0728E-02    3.4963E-02    6.5313E-02
  5.6234E+01    3.5236E-02    2.7491E-02    4.0734E-02    2.2569E-02    4.3564E-02
  6.3096E+01    2.2840E-02    1.7650E-02    2.6856E-02    1.4286E-02    2.9043E-02
  7.0795E+01    1.4510E-02    1.1046E-02    1.7383E-02    8.7624E-03    1.9442E-02
  7.9433E+01    9.0923E-03    6.7777E-03    1.1036E-02    5.2742E-03    1.2922E-02
  8.9125E+01    5.6359E-03    4.1499E-03    6.9672E-03    3.1760E-03    8.6020E-03
