# Differential number counts predicted by the model of Bethermin, Dole, Lagache, Le Borgne and Penin (2010, submitted to A&A)
# This file contains the prediction for Planck HFI 217 GHz
# column 1: S (in Jy)
# column 2: median dN/dS (gal/Jy/sr)
# column 3: 1-sigma inf dN/dS (gal/Jy/sr)
# column 4: 1-sigma sup dN/dS (gal/Jy/sr)
# column 5: 2-sigma inf dN/dS (gal/Jy/sr)
# column 6: 2-sigma sup dN/dS (gal/Jy/sr)
# WARNING: Due to the grid in redshift, there is an artficial deviation from the euclidian behavior at very high flux (S>1Jy). Use the model in this regime with caution.
# desc: flux@@float dnds_median@@float dnds_inf1@@float dnds_sup1@@float dnds_inf2@@float dnds_sup2@@float
  1.0000E-08    2.8852E+16    1.2877E+16    5.5724E+16    3.6209E+15    7.9481E+16
  1.1220E-08    2.5247E+16    1.1416E+16    4.8362E+16    3.2801E+15    6.8636E+16
  1.2589E-08    2.2092E+16    1.0120E+16    4.1973E+16    2.9713E+15    5.9271E+16
  1.4125E-08    1.9331E+16    8.9715E+15    3.6427E+16    2.6915E+15    5.1182E+16
  1.5849E-08    1.6916E+16    7.9533E+15    3.1615E+16    2.4381E+15    4.4199E+16
  1.7783E-08    1.4802E+16    7.0507E+15    2.7438E+16    2.2086E+15    3.8168E+16
  1.9953E-08    1.2953E+16    6.2504E+15    2.3813E+16    2.0007E+15    3.2959E+16
  2.2387E-08    1.1336E+16    5.5422E+15    2.0672E+16    1.8126E+15    2.8469E+16
  2.5119E-08    9.9216E+15    4.9141E+15    1.7944E+16    1.6422E+15    2.4589E+16
  2.8184E-08    8.6830E+15    4.3570E+15    1.5576E+16    1.4878E+15    2.1237E+16
  3.1623E-08    7.5987E+15    3.8629E+15    1.3520E+16    1.3478E+15    1.8342E+16
  3.5481E-08    6.6498E+15    3.4248E+15    1.1735E+16    1.2210E+15    1.5841E+16
  3.9811E-08    5.8193E+15    3.0363E+15    1.0186E+16    1.1061E+15    1.3680E+16
  4.4668E-08    5.0924E+15    2.6918E+15    8.8448E+15    1.0020E+15    1.1814E+16
  5.0119E-08    4.4562E+15    2.3863E+15    7.6890E+15    9.0770E+14    1.0203E+16
  5.6234E-08    3.8996E+15    2.1156E+15    6.6842E+15    8.2227E+14    8.8113E+15
  6.3096E-08    3.4124E+15    1.8755E+15    5.8106E+15    7.4486E+14    7.6092E+15
  7.0795E-08    2.9860E+15    1.6626E+15    5.0511E+15    6.7474E+14    6.5711E+15
  7.9433E-08    2.6141E+15    1.4708E+15    4.3910E+15    6.1123E+14    5.6747E+15
  8.9125E-08    2.2886E+15    1.2985E+15    3.8170E+15    5.5368E+14    4.9005E+15
  1.0000E-07    2.0037E+15    1.1463E+15    3.3181E+15    5.0156E+14    4.2318E+15
  1.1220E-07    1.7542E+15    1.0120E+15    2.8844E+15    4.5434E+14    3.6545E+15
  1.2589E-07    1.5358E+15    8.9338E+14    2.5073E+15    4.1157E+14    3.1558E+15
  1.4125E-07    1.3446E+15    7.8868E+14    2.1796E+15    3.7282E+14    2.7253E+15
  1.5849E-07    1.1772E+15    6.9626E+14    1.8947E+15    3.3772E+14    2.3534E+15
  1.7783E-07    1.0306E+15    6.1467E+14    1.6470E+15    3.0593E+14    2.0323E+15
  1.9953E-07    9.0229E+14    5.4263E+14    1.4317E+15    2.7713E+14    1.7550E+15
  2.2387E-07    7.8995E+14    4.7904E+14    1.2445E+15    2.5104E+14    1.5155E+15
  2.5119E-07    6.9159E+14    4.2290E+14    1.0819E+15    2.2741E+14    1.3087E+15
  2.8184E-07    6.0548E+14    3.7908E+14    9.4044E+14    2.0600E+14    1.1302E+15
  3.1623E-07    5.3160E+14    3.4212E+14    8.1751E+14    1.8661E+14    9.7595E+14
  3.5481E-07    4.6777E+14    3.0785E+14    7.1065E+14    1.6904E+14    8.4278E+14
  3.9811E-07    4.1161E+14    2.7291E+14    6.1776E+14    1.5313E+14    7.2779E+14
  4.4668E-07    3.6219E+14    2.4193E+14    5.3701E+14    1.3872E+14    6.2848E+14
  5.0119E-07    3.1871E+14    2.1448E+14    4.6683E+14    1.2567E+14    5.4273E+14
  5.6234E-07    2.8045E+14    1.9014E+14    4.0581E+14    1.1384E+14    4.6867E+14
  6.3096E-07    2.4527E+14    1.6856E+14    3.5277E+14    1.0313E+14    4.0586E+14
  7.0795E-07    2.1446E+14    1.4944E+14    3.0667E+14    9.3426E+13    3.5226E+14
  7.9433E-07    1.8752E+14    1.3248E+14    2.6660E+14    8.4637E+13    3.0573E+14
  8.9125E-07    1.6386E+14    1.1745E+14    2.3176E+14    7.6676E+13    2.6535E+14
  1.0000E-06    1.4336E+14    1.0413E+14    2.0148E+14    6.9463E+13    2.3029E+14
  1.1220E-06    1.2535E+14    9.2315E+13    1.7516E+14    6.2930E+13    1.9987E+14
  1.2589E-06    1.0960E+14    8.1846E+13    1.5228E+14    5.6472E+13    1.7347E+14
  1.4125E-06    9.5839E+13    7.2565E+13    1.3239E+14    5.0277E+13    1.5056E+14
  1.5849E-06    8.3803E+13    6.4339E+13    1.1510E+14    4.4764E+13    1.3067E+14
  1.7783E-06    7.3592E+13    5.7046E+13    1.0008E+14    3.9856E+13    1.1340E+14
  1.9953E-06    6.6445E+13    5.0582E+13    8.7015E+13    3.5487E+13    9.8421E+13
  2.2387E-06    5.9698E+13    4.4853E+13    7.5661E+13    3.1598E+13    8.5417E+13
  2.5119E-06    5.2638E+13    3.9774E+13    6.5792E+13    2.8136E+13    7.4129E+13
  2.8184E-06    4.6418E+13    3.5273E+13    5.7214E+13    2.5055E+13    6.4332E+13
  3.1623E-06    4.0940E+13    3.1283E+13    4.9759E+13    2.2313E+13    5.5829E+13
  3.5481E-06    3.6115E+13    2.7748E+13    4.3279E+13    1.9871E+13    4.8448E+13
  3.9811E-06    3.1840E+13    2.4615E+13    3.7647E+13    1.7699E+13    4.2042E+13
  4.4668E-06    2.7811E+13    2.1838E+13    3.2752E+13    1.5765E+13    3.6482E+13
  5.0119E-06    2.4293E+13    1.9378E+13    2.8498E+13    1.4043E+13    3.1655E+13
  5.6234E-06    2.1221E+13    1.7198E+13    2.4801E+13    1.2511E+13    2.7465E+13
  6.3096E-06    1.8469E+13    1.5267E+13    2.1570E+13    1.1148E+13    2.4090E+13
  7.0795E-06    1.6071E+13    1.3514E+13    1.8638E+13    9.9340E+12    2.1786E+13
  7.9433E-06    1.3987E+13    1.1889E+13    1.6106E+13    8.8538E+12    1.9703E+13
  8.9125E-06    1.2177E+13    1.0694E+13    1.3921E+13    7.8923E+12    1.7823E+13
  1.0000E-05    1.0604E+13    9.4773E+12    1.2034E+13    7.0366E+12    1.6130E+13
  1.1220E-05    9.2385E+12    8.3617E+12    1.0494E+13    6.2750E+12    1.4602E+13
  1.2589E-05    8.0532E+12    7.3817E+12    9.3012E+12    5.5971E+12    1.3223E+13
  1.4125E-05    7.2273E+12    6.5064E+12    8.2499E+12    4.9932E+12    1.1978E+13
  1.5849E-05    6.3376E+12    5.7187E+12    7.2205E+12    4.4552E+12    1.0852E+13
  1.7783E-05    5.5513E+12    5.0309E+12    6.3146E+12    3.9754E+12    9.8339E+12
  1.9953E-05    4.8656E+12    4.4301E+12    5.5850E+12    3.5472E+12    8.9112E+12
  2.2387E-05    4.2740E+12    3.9041E+12    4.9518E+12    3.1642E+12    8.0738E+12
  2.5119E-05    3.8144E+12    3.4383E+12    4.3907E+12    2.8197E+12    7.3095E+12
  2.8184E-05    3.3153E+12    3.0174E+12    3.8912E+12    2.5079E+12    6.6081E+12
  3.1623E-05    2.8825E+12    2.6476E+12    3.4466E+12    2.2264E+12    5.9627E+12
  3.5481E-05    2.5258E+12    2.3370E+12    3.0497E+12    1.9719E+12    5.3662E+12
  3.9811E-05    2.2083E+12    2.0568E+12    2.6945E+12    1.7413E+12    4.8151E+12
  4.4668E-05    1.9344E+12    1.8024E+12    2.3780E+12    1.5335E+12    4.3087E+12
  5.0119E-05    1.6984E+12    1.5778E+12    2.0964E+12    1.3477E+12    3.8423E+12
  5.6234E-05    1.4889E+12    1.3739E+12    1.8405E+12    1.1781E+12    3.4071E+12
  6.3096E-05    1.2897E+12    1.1861E+12    1.6051E+12    1.0206E+12    2.9972E+12
  7.0795E-05    1.1059E+12    1.0169E+12    1.3918E+12    8.7738E+11    2.6155E+12
  7.9433E-05    9.4238E+11    8.6633E+11    1.2003E+12    7.4908E+11    2.2637E+12
  8.9125E-05    8.0380E+11    7.3280E+11    1.0292E+12    6.3538E+11    1.9413E+12
  1.0000E-04    6.8160E+11    6.1539E+11    8.7688E+11    5.3532E+11    1.6477E+12
  1.1220E-04    5.7380E+11    5.1260E+11    7.4476E+11    4.4775E+11    1.3826E+12
  1.2589E-04    4.7988E+11    4.2388E+11    6.3049E+11    3.7218E+11    1.1467E+12
  1.4125E-04    3.9737E+11    3.4800E+11    5.2957E+11    3.0754E+11    9.3939E+11
  1.5849E-04    3.2458E+11    2.8359E+11    4.4115E+11    2.5262E+11    7.5974E+11
  1.7783E-04    2.6290E+11    2.2959E+11    3.6459E+11    2.0644E+11    6.0643E+11
  1.9953E-04    2.1117E+11    1.8473E+11    2.9883E+11    1.6784E+11    4.7760E+11
  2.2387E-04    1.6832E+11    1.4795E+11    2.4296E+11    1.3583E+11    3.7112E+11
  2.5119E-04    1.3319E+11    1.1788E+11    1.9588E+11    1.0941E+11    2.8449E+11
  2.8184E-04    1.0421E+11    9.3450E+10    1.5656E+11    8.7431E+10    2.1514E+11
  3.1623E-04    8.0479E+10    7.3166E+10    1.2401E+11    6.7724E+10    1.6052E+11
  3.5481E-04    6.2678E+10    5.6642E+10    9.7297E+10    5.2017E+10    1.1817E+11
  3.9811E-04    4.8584E+10    4.3670E+10    7.5567E+10    3.9596E+10    8.5843E+10
  4.4668E-04    3.7240E+10    3.4131E+10    5.8066E+10    2.9862E+10    6.3250E+10
  5.0119E-04    2.8555E+10    2.5815E+10    4.3546E+10    2.2291E+10    4.6443E+10
  5.6234E-04    2.1258E+10    1.9062E+10    3.0979E+10    1.6463E+10    3.4422E+10
  6.3096E-04    1.5860E+10    1.3952E+10    2.2757E+10    1.2011E+10    2.5414E+10
  7.0795E-04    1.1814E+10    9.8059E+09    1.6471E+10    8.6490E+09    1.8494E+10
  7.9433E-04    8.8006E+09    6.8719E+09    1.1839E+10    6.1517E+09    1.3270E+10
  8.9125E-04    6.4091E+09    4.8442E+09    8.2569E+09    4.3162E+09    9.3845E+09
  1.0000E-03    4.5404E+09    3.3662E+09    5.7147E+09    2.9429E+09    6.5412E+09
  1.1220E-03    3.2431E+09    2.3114E+09    3.9384E+09    1.9242E+09    4.5049E+09
  1.2589E-03    2.2778E+09    1.5590E+09    2.7862E+09    1.2359E+09    3.1661E+09
  1.4125E-03    1.5729E+09    1.0335E+09    1.9453E+09    7.7923E+08    2.1881E+09
  1.5849E-03    1.0728E+09    6.7681E+08    1.3428E+09    4.8650E+08    1.4909E+09
  1.7783E-03    7.0644E+08    4.3798E+08    8.7863E+08    3.0094E+08    1.0019E+09
  1.9953E-03    4.6635E+08    2.7650E+08    5.6916E+08    1.8428E+08    6.6443E+08
  2.2387E-03    3.0594E+08    1.7032E+08    3.6569E+08    1.1179E+08    4.3539E+08
  2.5119E-03    1.9814E+08    1.0758E+08    2.3356E+08    6.7267E+07    2.8215E+08
  2.8184E-03    1.2670E+08    6.7925E+07    1.4870E+08    4.0226E+07    1.8109E+08
  3.1623E-03    8.0077E+07    4.2655E+07    9.4703E+07    2.3913E+07    1.1528E+08
  3.5481E-03    5.0080E+07    2.6274E+07    5.9648E+07    1.4183E+07    7.3440E+07
  3.9811E-03    3.1021E+07    1.6143E+07    3.7197E+07    8.4228E+06    4.6609E+07
  4.4668E-03    1.9044E+07    9.9127E+06    2.2992E+07    5.0254E+06    2.9375E+07
  5.0119E-03    1.1611E+07    6.0850E+06    1.4109E+07    3.0235E+06    1.8411E+07
  5.6234E-03    7.0426E+06    3.7398E+06    8.6871E+06    1.8406E+06    1.1491E+07
  6.3096E-03    4.2577E+06    2.3049E+06    5.3382E+06    1.1373E+06    7.1511E+06
  7.0795E-03    2.5624E+06    1.4256E+06    3.2671E+06    7.1443E+05    4.4411E+06
  7.9433E-03    1.5331E+06    8.8678E+05    1.9926E+06    4.5689E+05    2.7551E+06
  8.9125E-03    9.2292E+05    5.5634E+05    1.2271E+06    2.9738E+05    1.7082E+06
  1.0000E-02    5.5972E+05    3.5107E+05    7.5825E+05    1.9665E+05    1.0590E+06
  1.1220E-02    3.4215E+05    2.2309E+05    4.6866E+05    1.3202E+05    6.5702E+05
  1.2589E-02    2.1137E+05    1.4302E+05    2.9025E+05    8.9770E+04    4.0805E+05
  1.4125E-02    1.3218E+05    9.2515E+04    1.8058E+05    6.1655E+04    2.5379E+05
  1.5849E-02    8.2539E+04    6.0485E+04    1.1274E+05    4.2733E+04    1.5826E+05
  1.7783E-02    5.1848E+04    4.0012E+04    7.0742E+04    2.9872E+04    9.9077E+04
  1.9953E-02    3.3300E+04    2.6712E+04    4.4643E+04    2.0863E+04    6.2299E+04
  2.2387E-02    2.1592E+04    1.7941E+04    2.8369E+04    1.4461E+04    3.9384E+04
  2.5119E-02    1.4170E+04    1.2280E+04    1.8198E+04    1.0135E+04    2.5085E+04
  2.8184E-02    9.6191E+03    8.4947E+03    1.1806E+04    7.1749E+03    1.6124E+04
  3.1623E-02    6.6143E+03    5.8951E+03    7.7619E+03    5.1303E+03    1.0479E+04
  3.5481E-02    4.5221E+03    4.1019E+03    5.1619E+03    3.6026E+03    6.8783E+03
  3.9811E-02    3.1768E+03    2.8674E+03    3.4821E+03    2.5373E+03    4.5611E+03
  4.4668E-02    2.2398E+03    2.0380E+03    2.3817E+03    1.8101E+03    3.0649E+03
  5.0119E-02    1.5724E+03    1.4315E+03    1.6925E+03    1.3043E+03    2.0866E+03
  5.6234E-02    1.1182E+03    1.0167E+03    1.2130E+03    9.4644E+02    1.4380E+03
  6.3096E-02    8.0932E+02    7.3214E+02    8.7356E+02    6.9052E+02    1.0027E+03
  7.0795E-02    5.9073E+02    5.3247E+02    6.3343E+02    5.0721E+02    7.0849E+02
  7.9433E-02    4.3079E+02    3.8724E+02    4.6048E+02    3.7031E+02    5.0382E+02
  8.9125E-02    3.1256E+02    2.8160E+02    3.3498E+02    2.6961E+02    3.6159E+02
  1.0000E-01    2.2764E+02    2.0528E+02    2.4476E+02    1.9694E+02    2.6166E+02
  1.1220E-01    1.6609E+02    1.4989E+02    1.7865E+02    1.4378E+02    1.9041E+02
  1.2589E-01    1.2109E+02    1.0909E+02    1.3013E+02    1.0472E+02    1.3894E+02
  1.4125E-01    8.7970E+01    7.8855E+01    9.4395E+01    7.5894E+01    1.0138E+02
  1.5849E-01    6.3546E+01    5.6447E+01    6.8358E+01    5.4586E+01    7.3754E+01
  1.7783E-01    4.5547E+01    4.0019E+01    4.9424E+01    3.8897E+01    5.3394E+01
  1.9953E-01    3.2304E+01    2.8169E+01    3.5619E+01    2.7288E+01    3.8342E+01
  2.2387E-01    2.2919E+01    1.9555E+01    2.5182E+01    1.8868E+01    2.7199E+01
  2.5119E-01    1.6009E+01    1.3276E+01    1.7488E+01    1.2851E+01    1.9014E+01
  2.8184E-01    1.1080E+01    8.9673E+00    1.2064E+01    8.7045E+00    1.3170E+01
  3.1623E-01    7.4233E+00    5.9385E+00    8.0922E+00    5.6480E+00    9.2262E+00
  3.5481E-01    4.7807E+00    3.7955E+00    5.3773E+00    3.5218E+00    6.3806E+00
  3.9811E-01    3.0723E+00    2.3934E+00    3.5733E+00    2.1653E+00    4.3620E+00
  4.4668E-01    1.9682E+00    1.4853E+00    2.2952E+00    1.3086E+00    2.9426E+00
  5.0119E-01    1.2124E+00    9.0242E-01    1.4690E+00    7.7300E-01    1.9486E+00
  5.6234E-01    7.2913E-01    5.3551E-01    9.2381E-01    4.4526E-01    1.2618E+00
  6.3096E-01    4.2776E-01    3.1015E-01    5.6365E-01    2.4998E-01    7.9661E-01
  7.0795E-01    2.4549E-01    1.7582E-01    3.3336E-01    1.3722E-01    4.9054E-01
  7.9433E-01    1.3659E-01    9.7552E-02    1.9231E-01    7.3638E-02    2.9448E-01
  8.9125E-01    7.1322E-02    5.2907E-02    1.0701E-01    3.8583E-02    1.7211E-01
  1.0000E+00    3.6600E-02    2.8050E-02    5.7834E-02    1.9750E-02    9.7982E-02
  1.1220E+00    1.9003E-02    1.4320E-02    3.0515E-02    9.8920E-03    5.4452E-02
  1.2589E+00    9.6538E-03    7.1507E-03    1.5856E-02    4.8480E-03    2.9575E-02
  1.4125E+00    4.8026E-03    3.4950E-03    8.4744E-03    2.3267E-03    1.5729E-02
  1.5849E+00    2.3778E-03    1.7069E-03    4.3056E-03    1.0941E-03    8.2068E-03
  1.7783E+00    1.1654E-03    8.1716E-04    2.1289E-03    5.0428E-04    4.2073E-03
  1.9953E+00    5.6133E-04    3.8439E-04    1.0347E-03    2.2800E-04    2.1233E-03
  2.2387E+00    2.6580E-04    1.7245E-04    4.9461E-04    1.0115E-04    1.0558E-03
  2.5119E+00    1.2063E-04    7.5926E-05    2.3272E-04    4.4059E-05    5.1792E-04
  2.8184E+00    5.3120E-05    3.2820E-05    1.0784E-04    1.8850E-05    2.5086E-04
  3.1623E+00    2.2965E-05    1.3933E-05    4.9225E-05    7.9236E-06    1.2003E-04
  3.5481E+00    9.9580E-06    5.8151E-06    2.2170E-05    3.2756E-06    5.6843E-05
  3.9811E+00    4.3739E-06    2.3838E-06    9.8298E-06    1.3305E-06    2.6579E-05
  4.4668E+00    1.8906E-06    9.5965E-07    4.2828E-06    5.3090E-07    1.2241E-05
  5.0119E+00    8.0707E-07    3.8058E-07    1.8451E-06    2.0437E-07    5.5914E-06
  5.6234E+00    3.4004E-07    1.4860E-07    7.8530E-07    7.3517E-08    2.5317E-06
  6.3096E+00    1.4118E-07    5.7057E-08    3.2891E-07    2.5933E-08    1.1308E-06
  7.0795E+00    5.7826E-08    2.1565E-08    1.3580E-07    8.9769E-09    4.9907E-07
  7.9433E+00    2.3528E-08    8.0688E-09    5.6370E-08    3.0583E-09    2.2324E-07
  8.9125E+00    9.3170E-09    2.9559E-09    2.2200E-08    1.0161E-09    9.4303E-08
  1.0000E+01    3.5195E-09    1.0669E-09    8.4733E-09    3.3144E-10    3.8368E-08
  1.1220E+01    1.3133E-09    3.8085E-10    3.2781E-09    1.0661E-10    1.5942E-08
  1.2589E+01    4.7358E-10    1.3404E-10    1.2673E-09    3.3713E-11    6.6625E-09
  1.4125E+01    1.6827E-10    4.6454E-11    4.8337E-10    1.0468E-11    2.7524E-09
  1.5849E+01    5.8938E-11    1.5855E-11    1.8223E-10    3.1923E-12    1.1267E-09
  1.7783E+01    2.0346E-11    5.3285E-12    6.7823E-11    9.5591E-13    4.5628E-10
  1.9953E+01    6.9247E-12    1.7637E-12    2.4957E-11    2.8114E-13    1.8313E-10
  2.2387E+01    2.3231E-12    5.7484E-13    9.0695E-12    8.1199E-14    7.2755E-11
  2.5119E+01    7.7538E-13    1.8451E-13    3.2519E-12    2.3032E-14    2.8564E-11
  2.8184E+01    2.6560E-13    5.8320E-14    1.1504E-12    6.4153E-15    1.1082E-11
  3.1623E+01    8.9787E-14    1.8149E-14    4.0149E-13    1.7545E-15    4.2476E-12
  3.5481E+01    2.9955E-14    5.5609E-15    1.3824E-13    4.7110E-16    1.6086E-12
  3.9811E+01    9.8640E-15    1.6831E-15    4.6971E-14    1.2424E-16    6.0182E-13
  4.4668E+01    3.2059E-15    5.0360E-16    1.5741E-14    3.2173E-17    2.2240E-13
  5.0119E+01    1.0285E-15    1.4856E-16    5.2067E-15    8.1811E-18    8.1187E-14
  5.6234E+01    3.2570E-16    4.3185E-17    1.6997E-15    2.0431E-18    2.9268E-14
  6.3096E+01    1.0181E-16    1.2372E-17    5.4744E-16    5.0101E-19    1.0426E-14
  7.0795E+01    3.1401E-17    3.4934E-18    1.7407E-16    1.2064E-19    3.6663E-15
  7.9433E+01    9.5601E-18    9.7202E-19    5.4594E-17    2.8517E-20    1.2729E-15
  8.9125E+01    2.8728E-18    2.6663E-19    1.6919E-17    6.6232E-21    4.3697E-16
