# Differential number counts predicted by the model of Bethermin, Dole, Lagache, Le Borgne and Penin (2010, submitted to A&A)
# This file contains the prediction for Planck HFI 353 Ghz
# column 1: S (in Jy)
# column 2: median dN/dS (gal/Jy/sr)
# column 3: 1-sigma inf dN/dS (gal/Jy/sr)
# column 4: 1-sigma sup dN/dS (gal/Jy/sr)
# column 5: 2-sigma inf dN/dS (gal/Jy/sr)
# column 6: 2-sigma sup dN/dS (gal/Jy/sr)
# WARNING: Due to the grid in redshift, there is an artficial deviation from the euclidian behavior at very high flux (S>1Jy). Use the model in this regime with caution.
# desc: flux@@float dnds_median@@float dnds_inf1@@float dnds_sup1@@float dnds_inf2@@float dnds_sup2@@float
  1.0000E-08    3.7010E+16    1.3737E+16    7.8806E+16    3.0998E+15    1.2081E+17
  1.1220E-08    3.2385E+16    1.2178E+16    6.8395E+16    2.8080E+15    1.0432E+17
  1.2589E-08    2.8339E+16    1.0796E+16    5.9359E+16    2.5436E+15    9.0088E+16
  1.4125E-08    2.4797E+16    9.5706E+15    5.1516E+16    2.3041E+15    7.7794E+16
  1.5849E-08    2.1699E+16    8.4845E+15    4.4710E+16    2.0872E+15    6.7179E+16
  1.7783E-08    1.8988E+16    7.5215E+15    3.8803E+16    1.8907E+15    5.8013E+16
  1.9953E-08    1.6615E+16    6.6678E+15    3.3676E+16    1.7127E+15    5.0096E+16
  2.2387E-08    1.4541E+16    5.9125E+15    2.9233E+16    1.5518E+15    4.3268E+16
  2.5119E-08    1.2726E+16    5.2425E+15    2.5376E+16    1.4059E+15    3.7370E+16
  2.8184E-08    1.1137E+16    4.6482E+15    2.2026E+16    1.2737E+15    3.2275E+16
  3.1623E-08    9.7467E+15    4.1211E+15    1.9118E+16    1.1539E+15    2.7874E+16
  3.5481E-08    8.5295E+15    3.6537E+15    1.6594E+16    1.0454E+15    2.4072E+16
  3.9811E-08    7.4642E+15    3.2393E+15    1.4403E+16    9.4700E+14    2.0789E+16
  4.4668E-08    6.5318E+15    2.8718E+15    1.2501E+16    8.5787E+14    1.7953E+16
  5.0119E-08    5.7158E+15    2.5459E+15    1.0850E+16    7.7713E+14    1.5504E+16
  5.6234E-08    5.0018E+15    2.2571E+15    9.4166E+15    7.0399E+14    1.3389E+16
  6.3096E-08    4.3769E+15    2.0009E+15    8.1728E+15    6.3772E+14    1.1563E+16
  7.0795E-08    3.8300E+15    1.7738E+15    7.0931E+15    5.7768E+14    9.9851E+15
  7.9433E-08    3.3515E+15    1.5725E+15    6.1562E+15    5.2330E+14    8.6228E+15
  8.9125E-08    2.9328E+15    1.3941E+15    5.3429E+15    4.7404E+14    7.4464E+15
  1.0000E-07    2.5663E+15    1.2358E+15    4.6370E+15    4.2941E+14    6.4304E+15
  1.1220E-07    2.2457E+15    1.0956E+15    4.0244E+15    3.8898E+14    5.5530E+15
  1.2589E-07    1.9651E+15    9.7123E+14    3.4928E+15    3.5236E+14    4.7953E+15
  1.4125E-07    1.7195E+15    8.6099E+14    3.0321E+15    3.1918E+14    4.1410E+15
  1.5849E-07    1.5047E+15    7.6327E+14    2.6358E+15    2.8913E+14    3.5760E+15
  1.7783E-07    1.3166E+15    6.7663E+14    2.2912E+15    2.6191E+14    3.0881E+15
  1.9953E-07    1.1521E+15    5.9983E+14    1.9917E+15    2.3725E+14    2.6667E+15
  2.2387E-07    1.0081E+15    5.3174E+14    1.7313E+15    2.1491E+14    2.3028E+15
  2.5119E-07    8.8216E+14    4.7139E+14    1.5050E+15    1.9468E+14    1.9886E+15
  2.8184E-07    7.7193E+14    4.1788E+14    1.3082E+15    1.7635E+14    1.7173E+15
  3.1623E-07    6.7547E+14    3.7045E+14    1.1372E+15    1.5975E+14    1.4829E+15
  3.5481E-07    5.9107E+14    3.2840E+14    9.8856E+14    1.4471E+14    1.2806E+15
  3.9811E-07    5.1721E+14    2.9113E+14    8.5933E+14    1.3108E+14    1.1058E+15
  4.4668E-07    4.5258E+14    2.5808E+14    7.4699E+14    1.1874E+14    9.5495E+14
  5.0119E-07    3.9608E+14    2.2879E+14    6.4935E+14    1.0756E+14    8.2465E+14
  5.6234E-07    3.4676E+14    2.0258E+14    5.6446E+14    9.7438E+13    7.1213E+14
  6.3096E-07    3.0359E+14    1.7884E+14    4.9068E+14    8.8266E+13    6.1496E+14
  7.0795E-07    2.6579E+14    1.5788E+14    4.2653E+14    7.9956E+13    5.3105E+14
  7.9433E-07    2.3269E+14    1.3938E+14    3.7078E+14    7.2430E+13    4.5858E+14
  8.9125E-07    2.0372E+14    1.2497E+14    3.2231E+14    6.5612E+13    3.9601E+14
  1.0000E-06    1.7836E+14    1.1105E+14    2.8018E+14    5.9436E+13    3.4198E+14
  1.1220E-06    1.5615E+14    9.8447E+13    2.4356E+14    5.3842E+13    2.9531E+14
  1.2589E-06    1.3671E+14    8.7275E+13    2.1172E+14    4.8774E+13    2.5502E+14
  1.4125E-06    1.1969E+14    7.7371E+13    1.8405E+14    4.4184E+13    2.2022E+14
  1.5849E-06    1.0479E+14    6.8591E+13    1.6000E+14    4.0026E+13    1.9017E+14
  1.7783E-06    9.1741E+13    6.0807E+13    1.3908E+14    3.6260E+13    1.6423E+14
  1.9953E-06    8.0319E+13    5.3908E+13    1.2091E+14    3.2848E+13    1.4182E+14
  2.2387E-06    7.0320E+13    4.7792E+13    1.0511E+14    2.9758E+13    1.2247E+14
  2.5119E-06    6.1566E+13    4.2370E+13    9.1375E+13    2.6959E+13    1.0576E+14
  2.8184E-06    5.4146E+13    3.7563E+13    7.9436E+13    2.4423E+13    9.1331E+13
  3.1623E-06    4.7650E+13    3.3303E+13    6.9058E+13    2.2127E+13    7.8870E+13
  3.5481E-06    4.1934E+13    2.9526E+13    6.0037E+13    2.0046E+13    6.8110E+13
  3.9811E-06    3.6905E+13    2.6178E+13    5.2196E+13    1.7955E+13    5.8959E+13
  4.4668E-06    3.2445E+13    2.3211E+13    4.5380E+13    1.5987E+13    5.1171E+13
  5.0119E-06    2.8328E+13    2.0580E+13    3.9455E+13    1.4236E+13    4.4412E+13
  5.6234E-06    2.4735E+13    1.8249E+13    3.4306E+13    1.2677E+13    3.8546E+13
  6.3096E-06    2.1743E+13    1.6182E+13    2.9830E+13    1.1290E+13    3.3455E+13
  7.0795E-06    1.9171E+13    1.4351E+13    2.5939E+13    1.0055E+13    2.9036E+13
  7.9433E-06    1.6906E+13    1.2727E+13    2.2557E+13    8.9560E+12    2.5201E+13
  8.9125E-06    1.4911E+13    1.1288E+13    1.9617E+13    7.9780E+12    2.1872E+13
  1.0000E-05    1.3154E+13    1.0013E+13    1.7062E+13    7.1076E+12    1.8982E+13
  1.1220E-05    1.1606E+13    8.8835E+12    1.4842E+13    6.3332E+12    1.6475E+13
  1.2589E-05    1.0243E+13    7.8823E+12    1.2912E+13    5.6441E+12    1.4299E+13
  1.4125E-05    9.0413E+12    6.9949E+12    1.1235E+13    5.0308E+12    1.2410E+13
  1.5849E-05    7.9820E+12    6.2084E+12    9.7766E+12    4.4850E+12    1.0770E+13
  1.7783E-05    7.0484E+12    5.5113E+12    8.6775E+12    3.9992E+12    9.3471E+12
  1.9953E-05    6.2228E+12    4.8937E+12    7.5484E+12    3.5668E+12    8.1120E+12
  2.2387E-05    5.4866E+12    4.3466E+12    6.5336E+12    3.1822E+12    7.0488E+12
  2.5119E-05    4.8194E+12    3.8625E+12    5.6515E+12    2.8403E+12    6.3507E+12
  2.8184E-05    4.1988E+12    3.4339E+12    4.8961E+12    2.5363E+12    5.7199E+12
  3.1623E-05    3.6572E+12    3.0848E+12    4.2396E+12    2.2660E+12    5.1496E+12
  3.5481E-05    3.1868E+12    2.7192E+12    3.6715E+12    2.0256E+12    4.6337E+12
  3.9811E-05    2.7784E+12    2.4224E+12    3.1804E+12    1.8118E+12    4.1671E+12
  4.4668E-05    2.4240E+12    2.1558E+12    2.7559E+12    1.6217E+12    3.7451E+12
  5.0119E-05    2.1164E+12    1.9077E+12    2.3891E+12    1.4525E+12    3.3632E+12
  5.6234E-05    1.8874E+12    1.6897E+12    2.0969E+12    1.3020E+12    3.0177E+12
  6.3096E-05    1.6690E+12    1.4979E+12    1.8654E+12    1.1678E+12    2.7051E+12
  7.0795E-05    1.4664E+12    1.3292E+12    1.6607E+12    1.0481E+12    2.4219E+12
  7.9433E-05    1.2898E+12    1.1803E+12    1.4630E+12    9.4098E+11    2.1647E+12
  8.9125E-05    1.1353E+12    1.0438E+12    1.2848E+12    8.4468E+11    1.9305E+12
  1.0000E-04    9.9992E+11    9.2049E+11    1.1298E+12    7.5750E+11    1.7175E+12
  1.1220E-04    8.8859E+11    8.1213E+11    1.0032E+12    6.7856E+11    1.5248E+12
  1.2589E-04    7.7723E+11    7.1677E+11    8.9033E+11    6.0695E+11    1.3503E+12
  1.4125E-04    6.8559E+11    6.3354E+11    7.8903E+11    5.4169E+11    1.1919E+12
  1.5849E-04    6.0453E+11    5.6183E+11    6.9769E+11    4.8198E+11    1.0480E+12
  1.7783E-04    5.3250E+11    4.9523E+11    6.1507E+11    4.2722E+11    9.1736E+11
  1.9953E-04    4.6507E+11    4.3368E+11    5.4027E+11    3.7702E+11    7.9903E+11
  2.2387E-04    4.0424E+11    3.7805E+11    4.7239E+11    3.3090E+11    6.9204E+11
  2.5119E-04    3.4952E+11    3.2852E+11    4.1056E+11    2.8839E+11    5.9524E+11
  2.8184E-04    3.0176E+11    2.8287E+11    3.5461E+11    2.4926E+11    5.0778E+11
  3.1623E-04    2.6070E+11    2.4121E+11    3.0824E+11    2.1368E+11    4.2959E+11
  3.5481E-04    2.2338E+11    2.0547E+11    2.6562E+11    1.8160E+11    3.6006E+11
  3.9811E-04    1.8968E+11    1.7442E+11    2.2688E+11    1.5302E+11    2.9892E+11
  4.4668E-04    1.5941E+11    1.4633E+11    1.9091E+11    1.2776E+11    2.4552E+11
  5.0119E-04    1.3252E+11    1.2098E+11    1.5868E+11    1.0573E+11    1.9946E+11
  5.6234E-04    1.0895E+11    9.9009E+10    1.3090E+11    8.6750E+10    1.6021E+11
  6.3096E-04    8.8534E+10    8.0175E+10    1.0687E+11    7.0560E+10    1.2714E+11
  7.0795E-04    7.1155E+10    6.4289E+10    8.6582E+10    5.6949E+10    9.9725E+10
  7.9433E-04    5.6551E+10    5.1036E+10    6.9490E+10    4.5599E+10    7.7249E+10
  8.9125E-04    4.4497E+10    4.0142E+10    5.5271E+10    3.6245E+10    5.9116E+10
  1.0000E-03    3.5102E+10    3.1182E+10    4.3538E+10    2.8606E+10    4.5437E+10
  1.1220E-03    2.7011E+10    2.3905E+10    3.3359E+10    2.2415E+10    3.4793E+10
  1.2589E-03    2.0585E+10    1.8366E+10    2.4609E+10    1.7442E+10    2.6815E+10
  1.4125E-03    1.5564E+10    1.4044E+10    1.8068E+10    1.3468E+10    2.0434E+10
  1.5849E-03    1.1744E+10    1.0370E+10    1.3574E+10    1.0110E+10    1.5396E+10
  1.7783E-03    8.6031E+09    7.8388E+09    1.0151E+10    7.4290E+09    1.1461E+10
  1.9953E-03    6.2465E+09    5.8585E+09    7.5431E+09    5.3984E+09    8.4290E+09
  2.2387E-03    4.5401E+09    4.0310E+09    5.4945E+09    3.8752E+09    6.1184E+09
  2.5119E-03    3.3024E+09    2.8173E+09    4.0437E+09    2.7204E+09    4.3820E+09
  2.8184E-03    2.3926E+09    1.9748E+09    2.9146E+09    1.8368E+09    3.0952E+09
  3.1623E-03    1.7127E+09    1.3654E+09    2.0771E+09    1.2187E+09    2.1551E+09
  3.5481E-03    1.2094E+09    9.3064E+08    1.4225E+09    7.9947E+08    1.4919E+09
  3.9811E-03    8.4049E+08    6.2486E+08    9.5590E+08    5.1860E+08    1.0375E+09
  4.4668E-03    5.6381E+08    4.1363E+08    6.3319E+08    3.3315E+08    7.1041E+08
  5.0119E-03    3.7503E+08    2.6931E+08    4.2812E+08    2.1130E+08    4.7799E+08
  5.6234E-03    2.4949E+08    1.7264E+08    2.8556E+08    1.3238E+08    3.1666E+08
  6.3096E-03    1.6450E+08    1.0929E+08    1.8753E+08    8.2197E+07    2.0891E+08
  7.0795E-03    1.0554E+08    6.8731E+07    1.2261E+08    5.0556E+07    1.3596E+08
  7.9433E-03    6.8227E+07    4.2703E+07    7.9103E+07    3.0803E+07    8.7254E+07
  8.9125E-03    4.2504E+07    2.6238E+07    5.0286E+07    1.8597E+07    5.5227E+07
  1.0000E-02    2.5661E+07    1.5968E+07    3.1518E+07    1.1129E+07    3.4502E+07
  1.1220E-02    1.5579E+07    9.6460E+06    1.9201E+07    6.6169E+06    2.1288E+07
  1.2589E-02    9.4472E+06    5.7915E+06    1.1514E+07    3.9169E+06    1.2981E+07
  1.4125E-02    5.6704E+06    3.4596E+06    7.1149E+06    2.3147E+06    7.8977E+06
  1.5849E-02    3.3680E+06    2.0673E+06    4.2760E+06    1.3699E+06    4.7823E+06
  1.7783E-02    1.9716E+06    1.2390E+06    2.5298E+06    8.1467E+05    2.8761E+06
  1.9953E-02    1.1649E+06    7.4480E+05    1.4872E+06    4.8856E+05    1.7806E+06
  2.2387E-02    6.8839E+05    4.5062E+05    8.7966E+05    2.9648E+05    1.1072E+06
  2.5119E-02    4.0572E+05    2.7455E+05    5.2667E+05    1.8260E+05    6.8705E+05
  2.8184E-02    2.4306E+05    1.6886E+05    3.1507E+05    1.1443E+05    4.2589E+05
  3.1623E-02    1.4670E+05    1.0502E+05    1.8600E+05    7.3015E+04    2.6397E+05
  3.5481E-02    8.9622E+04    6.6163E+04    1.1095E+05    4.7456E+04    1.6382E+05
  3.9811E-02    5.5507E+04    4.2262E+04    6.7095E+04    3.1406E+04    1.0195E+05
  4.4668E-02    3.4667E+04    2.7344E+04    4.1064E+04    2.1109E+04    6.3679E+04
  5.0119E-02    2.1889E+04    1.7930E+04    2.5511E+04    1.4387E+04    3.9982E+04
  5.6234E-02    1.4087E+04    1.1923E+04    1.6144E+04    9.9322E+03    2.5277E+04
  6.3096E-02    9.2776E+03    7.9084E+03    1.0417E+04    6.9310E+03    1.6103E+04
  7.0795E-02    6.0465E+03    5.4137E+03    6.8113E+03    4.7883E+03    1.0343E+04
  7.9433E-02    4.0816E+03    3.7470E+03    4.5748E+03    3.2637E+03    6.7066E+03
  8.9125E-02    2.7962E+03    2.5455E+03    3.1112E+03    2.2609E+03    4.3945E+03
  1.0000E-01    1.9287E+03    1.7687E+03    2.1471E+03    1.5905E+03    2.9139E+03
  1.1220E-01    1.3564E+03    1.2349E+03    1.5025E+03    1.1309E+03    1.9604E+03
  1.2589E-01    9.5618E+02    8.6891E+02    1.0644E+03    8.0837E+02    1.3313E+03
  1.4125E-01    6.8182E+02    6.1682E+02    7.5582E+02    5.7958E+02    9.1418E+02
  1.5849E-01    4.9027E+02    4.4258E+02    5.4245E+02    4.1950E+02    6.3488E+02
  1.7783E-01    3.5493E+02    3.2005E+02    3.9176E+02    3.0552E+02    4.4527E+02
  1.9953E-01    2.5822E+02    2.3263E+02    2.8367E+02    2.2348E+02    3.1504E+02
  2.2387E-01    1.8883E+02    1.7064E+02    2.0674E+02    1.6439E+02    2.2501E+02
  2.5119E-01    1.3832E+02    1.2529E+02    1.5112E+02    1.2098E+02    1.6165E+02
  2.8184E-01    1.0119E+02    9.1873E+01    1.1033E+02    8.8704E+01    1.1659E+02
  3.1623E-01    7.4267E+01    6.7465E+01    8.0695E+01    6.5105E+01    8.4816E+01
  3.5481E-01    5.4552E+01    4.9536E+01    5.9304E+01    4.7779E+01    6.2019E+01
  3.9811E-01    4.0000E+01    3.6247E+01    4.3283E+01    3.4950E+01    4.5462E+01
  4.4668E-01    2.9217E+01    2.6346E+01    3.1475E+01    2.5427E+01    3.3326E+01
  5.0119E-01    2.1198E+01    1.8956E+01    2.2783E+01    1.8351E+01    2.4353E+01
  5.6234E-01    1.5258E+01    1.3487E+01    1.6502E+01    1.3134E+01    1.7711E+01
  6.3096E-01    1.0875E+01    9.5247E+00    1.1916E+01    9.2619E+00    1.2786E+01
  7.0795E-01    7.6995E+00    6.6471E+00    8.5050E+00    6.4339E+00    9.1247E+00
  7.9433E-01    5.4278E+00    4.5444E+00    5.9326E+00    4.3988E+00    6.4150E+00
  8.9125E-01    3.7657E+00    3.0698E+00    4.1026E+00    2.9832E+00    4.4609E+00
  1.0000E+00    2.5516E+00    2.0464E+00    2.7747E+00    1.9591E+00    3.1082E+00
  1.1220E+00    1.6567E+00    1.3185E+00    1.8428E+00    1.2320E+00    2.1628E+00
  1.2589E+00    1.0626E+00    8.3482E-01    1.2288E+00    7.6054E-01    1.4853E+00
  1.4125E+00    6.8360E-01    5.2037E-01    7.9377E-01    4.6164E-01    1.0072E+00
  1.5849E+00    4.2484E-01    3.1735E-01    5.0983E-01    2.7370E-01    6.7043E-01
  1.7783E+00    2.5646E-01    1.8896E-01    3.2169E-01    1.5817E-01    4.3644E-01
  1.9953E+00    1.5098E-01    1.0978E-01    1.9783E-01    8.9072E-02    2.7698E-01
  2.2387E+00    8.6826E-02    6.2347E-02    1.1741E-01    4.8976E-02    1.7130E-01
  2.5119E+00    4.8806E-02    3.4629E-02    6.7889E-02    2.6309E-02    1.0318E-01
  2.8184E+00    2.5735E-02    1.8792E-02    3.8008E-02    1.3794E-02    6.0455E-02
  3.1623E+00    1.3093E-02    9.9644E-03    2.0574E-02    7.0603E-03    3.4452E-02
  3.5481E+00    6.7833E-03    5.1341E-03    1.0866E-02    3.5348E-03    1.9137E-02
  3.9811E+00    3.4467E-03    2.5661E-03    5.6002E-03    1.7308E-03    1.0369E-02
  4.4668E+00    1.7141E-03    1.2552E-03    2.9854E-03    8.2955E-04    5.4890E-03
  5.0119E+00    8.3529E-04    6.0215E-04    1.4976E-03    3.8962E-04    2.8450E-03
  5.6234E+00    4.0541E-04    2.9056E-04    7.3419E-04    1.7933E-04    1.4451E-03
  6.3096E+00    1.9437E-04    1.3519E-04    3.5318E-04    8.0992E-05    7.2068E-04
  7.0795E+00    9.1574E-05    6.1357E-05    1.6678E-04    3.5902E-05    3.5321E-04
  7.9433E+00    4.2422E-05    2.6980E-05    7.7358E-05    1.5631E-05    1.7027E-04
  8.9125E+00    1.9255E-05    1.1655E-05    3.5289E-05    6.6910E-06    8.0855E-05
  1.0000E+01    8.3531E-06    4.9479E-06    1.5833E-05    2.8163E-06    3.7828E-05
  1.1220E+01    3.5616E-06    2.0653E-06    6.9907E-06    1.1662E-06    1.8010E-05
  1.2589E+01    1.5064E-06    8.5021E-07    3.0308E-06    4.7497E-07    8.5286E-06
  1.4125E+01    6.5221E-07    3.4669E-07    1.2943E-06    1.9056E-07    3.9862E-06
  1.5849E+01    2.7898E-07    1.3922E-07    5.4568E-07    7.5365E-08    1.8404E-06
  1.7783E+01    1.1774E-07    5.5027E-08    2.2632E-07    2.8362E-08    8.3875E-07
  1.9953E+01    4.9065E-08    2.1411E-08    9.2456E-08    1.0096E-08    3.7750E-07
  2.2387E+01    2.0261E-08    8.2133E-09    3.7707E-08    3.5321E-09    1.6824E-07
  2.5119E+01    8.0209E-09    3.0923E-09    1.4704E-08    1.2099E-09    7.3675E-08
  2.8184E+01    3.1098E-09    1.1477E-09    5.6561E-09    4.0740E-10    3.1909E-08
  3.1623E+01    1.1980E-09    4.2006E-10    2.1828E-09    1.3486E-10    1.3698E-08
  3.5481E+01    4.5650E-10    1.5143E-10    8.3554E-10    4.3843E-11    5.8167E-09
  3.9811E+01    1.7182E-10    5.3747E-11    3.1601E-10    1.3994E-11    2.4418E-09
  4.4668E+01    6.3533E-11    1.8782E-11    1.1813E-10    4.3851E-12    1.0134E-09
  5.0119E+01    2.2458E-11    6.4623E-12    4.3657E-11    1.3491E-12    4.1580E-10
  5.6234E+01    7.8259E-12    2.1890E-12    1.5954E-11    4.0749E-13    1.6867E-10
  6.3096E+01    2.6883E-12    7.2999E-13    5.7668E-12    1.2083E-13    6.7649E-11
  7.0795E+01    9.1039E-13    2.3967E-13    2.0621E-12    3.5179E-14    2.6825E-11
  7.9433E+01    3.0532E-13    7.7467E-14    7.2959E-13    1.0055E-14    1.0517E-11
  8.9125E+01    1.0552E-13    2.4651E-14    2.5543E-13    2.8215E-15    4.0768E-12
