# Differential number counts predicted by the model of Bethermin, Dole, Lagache, Le Borgne and Penin (2010, submitted to A&A)
# This file contains the prediction for Herschel SPIRE 350 um
# column 1: S (in Jy)
# column 2: median dN/dS (gal/Jy/sr)
# column 3: 1-sigma inf dN/dS (gal/Jy/sr)
# column 4: 1-sigma sup dN/dS (gal/Jy/sr)
# column 5: 2-sigma inf dN/dS (gal/Jy/sr)
# column 6: 2-sigma sup dN/dS (gal/Jy/sr)
# WARNING: Due to the grid in redshift, there is an artficial deviation from the euclidian behavior at very high flux (S>1Jy). Use the model in this regime with caution.
# desc: flux@@float dnds_median@@float dnds_inf1@@float dnds_sup1@@float dnds_inf2@@float dnds_sup2@@float
  1.0000E-08    4.7168E+16    1.4349E+16    1.0829E+17    3.1227E+15    1.7421E+17
  1.1220E-08    4.1274E+16    1.2721E+16    9.3988E+16    2.8287E+15    1.5044E+17
  1.2589E-08    3.6117E+16    1.1277E+16    8.1570E+16    2.5624E+15    1.2991E+17
  1.4125E-08    3.1603E+16    9.9971E+15    7.0793E+16    2.3212E+15    1.1219E+17
  1.5849E-08    2.7655E+16    8.8625E+15    6.1440E+16    2.1027E+15    9.6879E+16
  1.7783E-08    2.4199E+16    7.8567E+15    5.3323E+16    1.9047E+15    8.3659E+16
  1.9953E-08    2.1175E+16    6.9649E+15    4.6278E+16    1.7254E+15    7.2254E+16
  2.2387E-08    1.8531E+16    6.1744E+15    4.0167E+16    1.5630E+15    6.2400E+16
  2.5119E-08    1.6218E+16    5.4757E+15    3.4866E+16    1.4158E+15    5.3889E+16
  2.8184E-08    1.4193E+16    4.8550E+15    3.0262E+16    1.2833E+15    4.6538E+16
  3.1623E-08    1.2420E+16    4.3045E+15    2.6266E+16    1.1625E+15    4.0190E+16
  3.5481E-08    1.0869E+16    3.8164E+15    2.2797E+16    1.0531E+15    3.4707E+16
  3.9811E-08    9.5111E+15    3.3835E+15    1.9786E+16    9.5404E+14    2.9972E+16
  4.4668E-08    8.3229E+15    2.9996E+15    1.7173E+16    8.6425E+14    2.5883E+16
  5.0119E-08    7.2831E+15    2.6593E+15    1.4905E+16    7.8290E+14    2.2352E+16
  5.6234E-08    6.3732E+15    2.3575E+15    1.2936E+16    7.0920E+14    1.9302E+16
  6.3096E-08    5.5769E+15    2.0900E+15    1.1227E+16    6.4244E+14    1.6668E+16
  7.0795E-08    4.8801E+15    1.8528E+15    9.7439E+15    5.8196E+14    1.4394E+16
  7.9433E-08    4.2704E+15    1.6425E+15    8.4567E+15    5.2717E+14    1.2430E+16
  8.9125E-08    3.7368E+15    1.4561E+15    7.3395E+15    4.7754E+14    1.0734E+16
  1.0000E-07    3.2699E+15    1.2909E+15    6.3699E+15    4.3258E+14    9.2695E+15
  1.1220E-07    2.8613E+15    1.1444E+15    5.5283E+15    3.9185E+14    8.0047E+15
  1.2589E-07    2.5038E+15    1.0145E+15    4.7980E+15    3.5496E+14    6.9125E+15
  1.4125E-07    2.1909E+15    8.9932E+14    4.1641E+15    3.2154E+14    5.9693E+15
  1.5849E-07    1.9172E+15    7.9725E+14    3.6140E+15    2.9126E+14    5.1548E+15
  1.7783E-07    1.6776E+15    7.0675E+14    3.1365E+15    2.6384E+14    4.4514E+15
  1.9953E-07    1.4680E+15    6.2653E+14    2.7221E+15    2.3900E+14    3.8440E+15
  2.2387E-07    1.2845E+15    5.5541E+14    2.3625E+15    2.1649E+14    3.3195E+15
  2.5119E-07    1.1240E+15    4.9237E+14    2.0504E+15    1.9611E+14    2.8665E+15
  2.8184E-07    9.8357E+14    4.3648E+14    1.7795E+15    1.7764E+14    2.4754E+15
  3.1623E-07    8.6067E+14    3.8694E+14    1.5444E+15    1.6091E+14    2.1376E+15
  3.5481E-07    7.5312E+14    3.4302E+14    1.3403E+15    1.4576E+14    1.8459E+15
  3.9811E-07    6.5901E+14    3.0408E+14    1.1633E+15    1.3203E+14    1.5940E+15
  4.4668E-07    5.7666E+14    2.6957E+14    1.0096E+15    1.1960E+14    1.3765E+15
  5.0119E-07    5.0460E+14    2.3897E+14    8.7619E+14    1.0833E+14    1.1887E+15
  5.6234E-07    4.4155E+14    2.1184E+14    7.6043E+14    9.8129E+13    1.0265E+15
  6.3096E-07    3.8637E+14    1.8780E+14    6.5996E+14    8.8885E+13    8.8643E+14
  7.0795E-07    3.3809E+14    1.6648E+14    5.7277E+14    8.0511E+13    7.6548E+14
  7.9433E-07    2.9584E+14    1.4758E+14    4.9709E+14    7.2924E+13    6.6103E+14
  8.9125E-07    2.5887E+14    1.3212E+14    4.3142E+14    6.6050E+13    5.7083E+14
  1.0000E-06    2.2652E+14    1.1919E+14    3.7442E+14    5.9823E+13    4.9294E+14
  1.1220E-06    1.9822E+14    1.0751E+14    3.2495E+14    5.4180E+13    4.2568E+14
  1.2589E-06    1.7345E+14    9.6753E+13    2.8202E+14    4.9067E+13    3.6759E+14
  1.4125E-06    1.5177E+14    8.5413E+13    2.4476E+14    4.4435E+13    3.1743E+14
  1.5849E-06    1.3284E+14    7.5403E+13    2.1242E+14    4.0236E+13    2.7412E+14
  1.7783E-06    1.1630E+14    6.6566E+13    1.8435E+14    3.6432E+13    2.3671E+14
  1.9953E-06    1.0182E+14    5.8764E+13    1.6000E+14    3.2983E+13    2.0441E+14
  2.2387E-06    8.9138E+13    5.1877E+13    1.3898E+14    2.9856E+13    1.7652E+14
  2.5119E-06    7.8038E+13    4.5797E+13    1.2081E+14    2.7019E+13    1.5243E+14
  2.8184E-06    6.8320E+13    4.0429E+13    1.0501E+14    2.4446E+13    1.3163E+14
  3.1623E-06    5.9813E+13    3.5691E+13    9.1281E+13    2.2112E+13    1.1367E+14
  3.5481E-06    5.2364E+13    3.1507E+13    7.9345E+13    1.9994E+13    9.8155E+13
  3.9811E-06    4.5842E+13    2.7814E+13    6.8969E+13    1.8073E+13    8.4760E+13
  4.4668E-06    4.0132E+13    2.4554E+13    5.9950E+13    1.6196E+13    7.3192E+13
  5.0119E-06    3.5133E+13    2.1675E+13    5.2109E+13    1.4414E+13    6.3202E+13
  5.6234E-06    3.0756E+13    1.9134E+13    4.5293E+13    1.2827E+13    5.4575E+13
  6.3096E-06    2.6924E+13    1.6890E+13    3.9367E+13    1.1415E+13    4.7126E+13
  7.0795E-06    2.3568E+13    1.4922E+13    3.4216E+13    1.0157E+13    4.0692E+13
  7.9433E-06    2.0631E+13    1.3220E+13    2.9739E+13    9.0379E+12    3.5136E+13
  8.9125E-06    1.8058E+13    1.1711E+13    2.5846E+13    8.0411E+12    3.0338E+13
  1.0000E-05    1.5806E+13    1.0372E+13    2.2462E+13    7.1536E+12    2.6195E+13
  1.1220E-05    1.3834E+13    9.1848E+12    1.9520E+13    6.3635E+12    2.2616E+13
  1.2589E-05    1.2107E+13    8.1319E+12    1.6963E+13    5.6601E+12    1.9526E+13
  1.4125E-05    1.0596E+13    7.1981E+12    1.4740E+13    5.0339E+12    1.6857E+13
  1.5849E-05    9.2717E+12    6.3701E+12    1.2808E+13    4.4765E+12    1.4553E+13
  1.7783E-05    8.1126E+12    5.6358E+12    1.1128E+13    3.9803E+12    1.2562E+13
  1.9953E-05    7.0977E+12    4.9848E+12    9.6678E+12    3.5388E+12    1.0844E+13
  2.2387E-05    6.2093E+12    4.4079E+12    8.3987E+12    3.1460E+12    9.3595E+12
  2.5119E-05    5.4316E+12    3.8969E+12    7.2958E+12    2.7966E+12    8.0779E+12
  2.8184E-05    4.7508E+12    3.4442E+12    6.3373E+12    2.4858E+12    6.9714E+12
  3.1623E-05    4.1497E+12    3.0434E+12    5.5044E+12    2.2094E+12    6.0160E+12
  3.5481E-05    3.6189E+12    2.6886E+12    4.7807E+12    1.9636E+12    5.2129E+12
  3.9811E-05    3.1560E+12    2.3747E+12    4.1519E+12    1.7451E+12    4.5159E+12
  4.4668E-05    2.7522E+12    2.0973E+12    3.6057E+12    1.5510E+12    3.9113E+12
  5.0119E-05    2.4001E+12    1.8521E+12    3.1312E+12    1.3785E+12    3.3870E+12
  5.6234E-05    2.0979E+12    1.6355E+12    2.7192E+12    1.2253E+12    2.9324E+12
  6.3096E-05    1.8400E+12    1.4443E+12    2.3614E+12    1.0892E+12    2.5385E+12
  7.0795E-05    1.6141E+12    1.2756E+12    2.0508E+12    9.6843E+11    2.1974E+12
  7.9433E-05    1.4163E+12    1.1269E+12    1.7812E+12    8.6118E+11    1.9020E+12
  8.9125E-05    1.2414E+12    9.9568E+11    1.5471E+12    7.6597E+11    1.6464E+12
  1.0000E-04    1.0857E+12    8.8002E+11    1.3440E+12    6.8147E+11    1.4252E+12
  1.1220E-04    9.4973E+11    7.7807E+11    1.1678E+12    6.0647E+11    1.2338E+12
  1.2589E-04    8.3091E+11    6.8820E+11    1.0148E+12    5.3988E+11    1.0682E+12
  1.4125E-04    7.2712E+11    6.0897E+11    8.8208E+11    4.8077E+11    9.2502E+11
  1.5849E-04    6.3931E+11    5.3911E+11    7.6379E+11    4.2829E+11    8.0110E+11
  1.7783E-04    5.6290E+11    4.7749E+11    6.5969E+11    3.8169E+11    6.9389E+11
  1.9953E-04    4.9233E+11    4.2312E+11    5.6994E+11    3.4031E+11    6.0112E+11
  2.2387E-04    4.3076E+11    3.7514E+11    4.9255E+11    3.0355E+11    5.2083E+11
  2.5119E-04    3.7704E+11    3.3278E+11    4.2583E+11    2.7089E+11    4.5134E+11
  2.8184E-04    3.3016E+11    2.9535E+11    3.6830E+11    2.4187E+11    3.9119E+11
  3.1623E-04    2.8924E+11    2.6227E+11    3.1869E+11    2.1606E+11    3.3911E+11
  3.5481E-04    2.5353E+11    2.3301E+11    2.7590E+11    1.9310E+11    2.9402E+11
  3.9811E-04    2.2235E+11    2.0711E+11    2.3899E+11    1.7265E+11    2.5498E+11
  4.4668E-04    1.9513E+11    1.8365E+11    2.0818E+11    1.5442E+11    2.2184E+11
  5.0119E-04    1.7139E+11    1.6214E+11    1.8369E+11    1.3815E+11    1.9379E+11
  5.6234E-04    1.5068E+11    1.4304E+11    1.6210E+11    1.2358E+11    1.6938E+11
  6.3096E-04    1.3251E+11    1.2623E+11    1.4302E+11    1.1052E+11    1.4810E+11
  7.0795E-04    1.1655E+11    1.1143E+11    1.2554E+11    9.8769E+10    1.2952E+11
  7.9433E-04    1.0251E+11    9.8052E+10    1.0905E+11    8.8167E+10    1.1329E+11
  8.9125E-04    9.0186E+10    8.6239E+10    9.4746E+10    7.8570E+10    9.9068E+10
  1.0000E-03    7.9288E+10    7.5794E+10    8.2588E+10    6.9855E+10    8.6590E+10
  1.1220E-03    6.9606E+10    6.6533E+10    7.2358E+10    6.1920E+10    7.5687E+10
  1.2589E-03    6.0958E+10    5.8120E+10    6.3297E+10    5.4682E+10    6.6231E+10
  1.4125E-03    5.3195E+10    5.0968E+10    5.5673E+10    4.8070E+10    5.7825E+10
  1.5849E-03    4.6325E+10    4.4418E+10    4.8827E+10    4.2025E+10    5.0295E+10
  1.7783E-03    4.0230E+10    3.8809E+10    4.2612E+10    3.6505E+10    4.3543E+10
  1.9953E-03    3.4808E+10    3.3498E+10    3.6846E+10    3.1477E+10    3.7489E+10
  2.2387E-03    2.9993E+10    2.8688E+10    3.1354E+10    2.6917E+10    3.2069E+10
  2.5119E-03    2.5651E+10    2.4402E+10    2.6475E+10    2.2809E+10    2.7231E+10
  2.8184E-03    2.1954E+10    2.0657E+10    2.2506E+10    1.9136E+10    2.3065E+10
  3.1623E-03    1.8381E+10    1.7224E+10    1.9016E+10    1.5886E+10    1.9348E+10
  3.5481E-03    1.5180E+10    1.4225E+10    1.5912E+10    1.3041E+10    1.6056E+10
  3.9811E-03    1.2387E+10    1.1628E+10    1.3096E+10    1.0582E+10    1.3284E+10
  4.4668E-03    9.9854E+09    9.4013E+09    1.0677E+10    8.4844E+09    1.0927E+10
  5.0119E-03    7.9488E+09    7.5145E+09    8.5590E+09    6.7200E+09    8.8797E+09
  5.6234E-03    6.2746E+09    5.9351E+09    6.7944E+09    5.2570E+09    7.1234E+09
  6.3096E-03    4.9115E+09    4.6305E+09    5.3245E+09    4.0615E+09    5.6382E+09
  7.0795E-03    3.7964E+09    3.5676E+09    4.1322E+09    3.0988E+09    4.4013E+09
  7.9433E-03    2.8973E+09    2.6850E+09    3.1620E+09    2.3348E+09    3.3874E+09
  8.9125E-03    2.1827E+09    1.9866E+09    2.3852E+09    1.7373E+09    2.5699E+09
  1.0000E-02    1.6231E+09    1.4494E+09    1.7732E+09    1.2767E+09    1.9217E+09
  1.1220E-02    1.1913E+09    1.0432E+09    1.2993E+09    9.2678E+08    1.4163E+09
  1.2589E-02    8.6301E+08    7.4098E+08    9.3828E+08    6.6455E+08    1.0288E+09
  1.4125E-02    6.1708E+08    5.1970E+08    6.6790E+08    4.7074E+08    7.3656E+08
  1.5849E-02    4.3552E+08    3.6012E+08    4.6872E+08    3.2946E+08    5.1979E+08
  1.7783E-02    3.0006E+08    2.4670E+08    3.2438E+08    2.2785E+08    3.6161E+08
  1.9953E-02    2.0386E+08    1.6719E+08    2.2460E+08    1.5575E+08    2.4908E+08
  2.2387E-02    1.3675E+08    1.1218E+08    1.5364E+08    1.0443E+08    1.7000E+08
  2.5119E-02    9.0629E+07    7.4576E+07    1.0372E+08    6.9137E+07    1.1464E+08
  2.8184E-02    5.9378E+07    4.9165E+07    6.9118E+07    4.5331E+07    7.6409E+07
  3.1623E-02    3.8496E+07    3.2176E+07    4.5477E+07    2.9471E+07    5.0375E+07
  3.5481E-02    2.4726E+07    2.0928E+07    2.9561E+07    1.9021E+07    3.2877E+07
  3.9811E-02    1.5757E+07    1.3545E+07    1.9001E+07    1.2203E+07    2.1264E+07
  4.4668E-02    9.9794E+06    8.7338E+06    1.2091E+07    7.7950E+06    1.3651E+07
  5.0119E-02    6.2936E+06    5.6190E+06    7.6269E+06    4.9666E+06    8.7103E+06
  5.6234E-02    3.9612E+06    3.5722E+06    4.7787E+06    3.1631E+06    5.5339E+06
  6.3096E-02    2.4947E+06    2.2484E+06    2.9816E+06    2.0179E+06    3.5083E+06
  7.0795E-02    1.5767E+06    1.4204E+06    1.8608E+06    1.2924E+06    2.2251E+06
  7.9433E-02    1.0048E+06    9.0347E+05    1.1998E+06    8.3261E+05    1.4157E+06
  8.9125E-02    6.5356E+05    5.8033E+05    7.8078E+05    5.3404E+05    9.0610E+05
  1.0000E-01    4.2900E+05    3.7740E+05    5.1370E+05    3.4608E+05    5.8493E+05
  1.1220E-01    2.8451E+05    2.4887E+05    3.4039E+05    2.2706E+05    3.8172E+05
  1.2589E-01    1.9073E+05    1.6653E+05    2.2761E+05    1.5101E+05    2.5221E+05
  1.4125E-01    1.2927E+05    1.1303E+05    1.5425E+05    1.0185E+05    1.6884E+05
  1.5849E-01    8.7808E+04    7.7746E+04    1.0586E+05    6.9648E+04    1.1451E+05
  1.7783E-01    6.0648E+04    5.4122E+04    7.3468E+04    4.8236E+04    7.8629E+04
  1.9953E-01    4.2250E+04    3.8064E+04    5.1496E+04    3.3787E+04    5.4600E+04
  2.2387E-01    2.9665E+04    2.6906E+04    3.6400E+04    2.3901E+04    3.8289E+04
  2.5119E-01    2.1010E+04    1.9211E+04    2.5908E+04    1.7046E+04    2.7272E+04
  2.8184E-01    1.5007E+04    1.3810E+04    1.8547E+04    1.2239E+04    1.9539E+04
  3.1623E-01    1.0783E+04    9.9696E+03    1.3341E+04    8.8360E+03    1.4057E+04
  3.5481E-01    7.7862E+03    7.2231E+03    9.6340E+03    6.4085E+03    1.0149E+04
  3.9811E-01    5.6380E+03    5.2491E+03    6.9811E+03    4.6648E+03    7.3510E+03
  4.4668E-01    4.0946E+03    3.8247E+03    5.0737E+03    3.4057E+03    5.3392E+03
  5.0119E-01    2.9805E+03    2.7933E+03    3.6968E+03    2.4926E+03    3.8874E+03
  5.6234E-01    2.1758E+03    2.0440E+03    2.6996E+03    1.8283E+03    2.8369E+03
  6.3096E-01    1.5922E+03    1.4983E+03    1.9754E+03    1.3435E+03    2.0747E+03
  7.0795E-01    1.1678E+03    1.1003E+03    1.4482E+03    9.8892E+02    1.5201E+03
  7.9433E-01    8.5818E+02    8.0923E+02    1.0634E+03    7.2897E+02    1.1156E+03
  8.9125E-01    6.3167E+02    5.9601E+02    7.8208E+02    5.3810E+02    8.2006E+02
  1.0000E+00    4.6564E+02    4.3948E+02    5.7600E+02    3.9764E+02    6.0369E+02
  1.1220E+00    3.4361E+02    3.2436E+02    4.2478E+02    2.9402E+02    4.4498E+02
  1.2589E+00    2.5378E+02    2.3964E+02    3.1358E+02    2.1733E+02    3.2833E+02
  1.4125E+00    1.8764E+02    1.7723E+02    2.3169E+02    1.6085E+02    2.4249E+02
  1.5849E+00    1.3888E+02    1.3117E+02    1.7137E+02    1.1918E+02    1.7929E+02
  1.7783E+00    1.0288E+02    9.7157E+01    1.2687E+02    8.8412E+01    1.3268E+02
  1.9953E+00    7.6272E+01    7.2015E+01    9.4003E+01    6.5661E+01    9.8258E+01
  2.2387E+00    5.6593E+01    5.3408E+01    6.9708E+01    4.8809E+01    7.2824E+01
  2.5119E+00    4.2018E+01    3.9629E+01    5.1736E+01    3.6316E+01    5.4010E+01
  2.8184E+00    3.1251E+01    2.9423E+01    3.8425E+01    2.7041E+01    4.0079E+01
  3.1623E+00    2.3277E+01    2.1839E+01    2.8560E+01    2.0145E+01    2.9762E+01
  3.5481E+00    1.7329E+01    1.6214E+01    2.1246E+01    1.5008E+01    2.2120E+01
  3.9811E+00    1.2906E+01    1.2038E+01    1.5818E+01    1.1173E+01    1.6456E+01
  4.4668E+00    9.6102E+00    8.9361E+00    1.1784E+01    8.3089E+00    1.2254E+01
  5.0119E+00    7.1475E+00    6.6307E+00    8.7789E+00    6.1686E+00    9.1307E+00
  5.6234E+00    5.3073E+00    4.9166E+00    6.5368E+00    4.5672E+00    6.8068E+00
  6.3096E+00    3.9318E+00    3.6405E+00    4.8626E+00    3.3688E+00    5.0755E+00
  7.0795E+00    2.9017E+00    2.6897E+00    3.6101E+00    2.4733E+00    3.7823E+00
  7.9433E+00    2.1288E+00    1.9814E+00    2.6713E+00    1.8052E+00    2.8135E+00
  8.9125E+00    1.5540E+00    1.4536E+00    1.9673E+00    1.3082E+00    2.0867E+00
  1.0000E+01    1.1243E+00    1.0604E+00    1.4399E+00    9.3550E-01    1.5405E+00
  1.1220E+01    8.0732E-01    7.6098E-01    1.0453E+00    6.5997E-01    1.1296E+00
  1.2589E+01    5.7409E-01    5.3364E-01    7.5138E-01    4.5981E-01    8.2134E-01
  1.4125E+01    4.0541E-01    3.6928E-01    5.3408E-01    3.1598E-01    5.9107E-01
  1.5849E+01    2.7964E-01    2.5184E-01    3.7476E-01    2.1392E-01    4.2010E-01
  1.7783E+01    1.9300E-01    1.6908E-01    2.5913E-01    1.4256E-01    2.9424E-01
  1.9953E+01    1.3078E-01    1.1166E-01    1.7630E-01    9.3439E-02    2.0267E-01
  2.2387E+01    8.6010E-02    7.2479E-02    1.1785E-01    6.0190E-02    1.3702E-01
  2.5119E+01    5.6227E-02    4.6479E-02    7.7300E-02    3.8082E-02    9.0750E-02
  2.8184E+01    3.6318E-02    2.9242E-02    4.9689E-02    2.3654E-02    5.8780E-02
  3.1623E+01    2.2744E-02    1.8325E-02    3.1269E-02    1.4419E-02    3.7174E-02
  3.5481E+01    1.3949E-02    1.1415E-02    1.9246E-02    8.6238E-03    2.2925E-02
  3.9811E+01    8.3732E-03    6.7795E-03    1.1579E-02    5.0606E-03    1.3771E-02
  4.4668E+01    4.9187E-03    3.8673E-03    6.8066E-03    2.9139E-03    8.0518E-03
  5.0119E+01    2.8273E-03    2.1577E-03    4.0127E-03    1.6465E-03    4.5801E-03
  5.6234E+01    1.5904E-03    1.1776E-03    2.3112E-03    9.1322E-04    2.6148E-03
  6.3096E+01    8.7569E-04    6.3688E-04    1.2958E-03    4.9729E-04    1.4632E-03
  7.0795E+01    4.7220E-04    3.4225E-04    7.0755E-04    2.6597E-04    8.0139E-04
  7.9433E+01    2.5683E-04    1.8059E-04    3.6366E-04    1.3977E-04    4.2982E-04
  8.9125E+01    1.3172E-04    9.3861E-05    1.8602E-04    7.3301E-05    2.2588E-04
