# Differential number counts predicted by the model of Bethermin, Dole, Lagache, Le Borgne and Penin (2010, submitted to A&A)
# This file contains the prediction for SPT 1.36 um (220 GHz)
# column 1: S (in Jy)
# column 2: median dN/dS (gal/Jy/sr)
# column 3: 1-sigma inf dN/dS (gal/Jy/sr)
# column 4: 1-sigma sup dN/dS (gal/Jy/sr)
# column 5: 2-sigma inf dN/dS (gal/Jy/sr)
# column 6: 2-sigma sup dN/dS (gal/Jy/sr)
# WARNING: Due to the grid in redshift, there is an artficial deviation from the euclidian behavior at very high flux (S>1Jy). Use the model in this regime with caution.
# desc: flux@@float dnds_median@@float dnds_inf1@@float dnds_sup1@@float dnds_inf2@@float dnds_sup2@@float
  1.0000E-08    2.8759E+16    1.2895E+16    5.6708E+16    3.5739E+15    8.1928E+16
  1.1220E-08    2.5166E+16    1.1432E+16    4.9216E+16    3.2375E+15    7.0749E+16
  1.2589E-08    2.2021E+16    1.0135E+16    4.2714E+16    2.9327E+15    6.1096E+16
  1.4125E-08    1.9269E+16    8.9842E+15    3.7071E+16    2.6566E+15    5.2759E+16
  1.5849E-08    1.6862E+16    7.9646E+15    3.2173E+16    2.4065E+15    4.5560E+16
  1.7783E-08    1.4755E+16    7.0607E+15    2.7923E+16    2.1799E+15    3.9343E+16
  1.9953E-08    1.2911E+16    6.2592E+15    2.4233E+16    1.9747E+15    3.3977E+16
  2.2387E-08    1.1298E+16    5.5488E+15    2.1036E+16    1.7888E+15    2.9345E+16
  2.5119E-08    9.8900E+15    4.9208E+15    1.8262E+16    1.6207E+15    2.5344E+16
  2.8184E-08    8.6554E+15    4.3630E+15    1.5851E+16    1.4683E+15    2.1890E+16
  3.1623E-08    7.5746E+15    3.8683E+15    1.3759E+16    1.3302E+15    1.8906E+16
  3.5481E-08    6.6287E+15    3.4296E+15    1.1942E+16    1.2051E+15    1.6328E+16
  3.9811E-08    5.8007E+15    3.0406E+15    1.0365E+16    1.0917E+15    1.4101E+16
  4.4668E-08    5.0761E+15    2.6956E+15    8.9965E+15    9.8897E+14    1.2178E+16
  5.0119E-08    4.4420E+15    2.3897E+15    7.8083E+15    8.9590E+14    1.0517E+16
  5.6234E-08    3.8871E+15    2.1186E+15    6.7771E+15    8.1157E+14    9.0822E+15
  6.3096E-08    3.4014E+15    1.8781E+15    5.8819E+15    7.3519E+14    7.8433E+15
  7.0795E-08    2.9764E+15    1.6650E+15    5.1050E+15    6.6598E+14    6.7733E+15
  7.9433E-08    2.6046E+15    1.4714E+15    4.4306E+15    6.0328E+14    5.8492E+15
  8.9125E-08    2.2791E+15    1.2990E+15    3.8453E+15    5.4649E+14    5.0512E+15
  1.0000E-07    1.9943E+15    1.1468E+15    3.3374E+15    4.9505E+14    4.3621E+15
  1.1220E-07    1.7452E+15    1.0124E+15    2.8965E+15    4.4844E+14    3.7669E+15
  1.2589E-07    1.5271E+15    8.9374E+14    2.5138E+15    4.0622E+14    3.2530E+15
  1.4125E-07    1.3363E+15    7.8900E+14    2.1817E+15    3.6798E+14    2.8091E+15
  1.5849E-07    1.1693E+15    6.9655E+14    1.8935E+15    3.3334E+14    2.4258E+15
  1.7783E-07    1.0232E+15    6.1492E+14    1.6434E+15    3.0196E+14    2.0948E+15
  1.9953E-07    8.9535E+14    5.4285E+14    1.4262E+15    2.7353E+14    1.8090E+15
  2.2387E-07    7.8347E+14    4.7924E+14    1.2396E+15    2.4778E+14    1.5622E+15
  2.5119E-07    6.8558E+14    4.2307E+14    1.0776E+15    2.2445E+14    1.3490E+15
  2.8184E-07    6.0105E+14    3.7910E+14    9.3673E+14    2.0332E+14    1.1649E+15
  3.1623E-07    5.2888E+14    3.4214E+14    8.1429E+14    1.8418E+14    1.0060E+15
  3.5481E-07    4.6538E+14    3.0828E+14    7.0785E+14    1.6685E+14    8.6872E+14
  3.9811E-07    4.0951E+14    2.7329E+14    6.1532E+14    1.5114E+14    7.5018E+14
  4.4668E-07    3.6034E+14    2.4228E+14    5.3490E+14    1.3692E+14    6.4782E+14
  5.0119E-07    3.1708E+14    2.1478E+14    4.6499E+14    1.2403E+14    5.5943E+14
  5.6234E-07    2.7738E+14    1.9041E+14    4.0421E+14    1.1236E+14    4.8309E+14
  6.3096E-07    2.4237E+14    1.6880E+14    3.5138E+14    1.0178E+14    4.1718E+14
  7.0795E-07    2.1158E+14    1.4965E+14    3.0547E+14    9.2208E+13    3.6026E+14
  7.9433E-07    1.8542E+14    1.3267E+14    2.6555E+14    8.3533E+13    3.1110E+14
  8.9125E-07    1.6213E+14    1.1762E+14    2.3085E+14    7.5675E+13    2.6866E+14
  1.0000E-06    1.4176E+14    1.0427E+14    2.0069E+14    6.8556E+13    2.3267E+14
  1.1220E-06    1.2395E+14    9.2444E+13    1.7447E+14    6.2108E+13    2.0194E+14
  1.2589E-06    1.0838E+14    8.1959E+13    1.5168E+14    5.6267E+13    1.7526E+14
  1.4125E-06    9.4772E+13    7.2666E+13    1.3187E+14    5.0282E+13    1.5211E+14
  1.5849E-06    8.2871E+13    6.4427E+13    1.1465E+14    4.4768E+13    1.3202E+14
  1.7783E-06    7.3594E+13    5.7125E+13    9.9687E+13    3.9859E+13    1.1458E+14
  1.9953E-06    6.6447E+13    5.0651E+13    8.6676E+13    3.5490E+13    9.9440E+13
  2.2387E-06    5.9828E+13    4.4913E+13    7.5368E+13    3.1601E+13    8.6301E+13
  2.5119E-06    5.2751E+13    3.9827E+13    6.5538E+13    2.8139E+13    7.4897E+13
  2.8184E-06    4.6517E+13    3.5319E+13    5.6810E+13    2.5057E+13    6.4999E+13
  3.1623E-06    4.1026E+13    3.1324E+13    4.9159E+13    2.2314E+13    5.6408E+13
  3.5481E-06    3.5873E+13    2.7783E+13    4.2539E+13    1.9873E+13    4.8951E+13
  3.9811E-06    3.1200E+13    2.4645E+13    3.6810E+13    1.7700E+13    4.2479E+13
  4.4668E-06    2.7137E+13    2.1865E+13    3.2611E+13    1.5766E+13    3.6862E+13
  5.0119E-06    2.3607E+13    1.9401E+13    2.8391E+13    1.4044E+13    3.1985E+13
  5.6234E-06    2.0539E+13    1.7218E+13    2.4709E+13    1.2512E+13    2.7752E+13
  6.3096E-06    1.7874E+13    1.5284E+13    2.1510E+13    1.1148E+13    2.4091E+13
  7.0795E-06    1.5558E+13    1.3504E+13    1.8730E+13    9.9344E+12    2.1786E+13
  7.9433E-06    1.3545E+13    1.1881E+13    1.6314E+13    8.8541E+12    1.9703E+13
  8.9125E-06    1.1798E+13    1.0550E+13    1.4215E+13    7.8925E+12    1.7823E+13
  1.0000E-05    1.0281E+13    9.4328E+12    1.2392E+13    7.0366E+12    1.6129E+13
  1.1220E-05    8.9641E+12    8.3247E+12    1.0713E+13    6.2749E+12    1.4601E+13
  1.2589E-05    7.8615E+12    7.3290E+12    9.3117E+12    5.5969E+12    1.3222E+13
  1.4125E-05    7.1277E+12    6.4403E+12    8.2382E+12    4.9930E+12    1.1976E+13
  1.5849E-05    6.3535E+12    5.6645E+12    7.2000E+12    4.4550E+12    1.0851E+13
  1.7783E-05    5.5649E+12    4.9870E+12    6.2977E+12    3.9752E+12    9.8319E+12
  1.9953E-05    4.8771E+12    4.3941E+12    5.5737E+12    3.5470E+12    8.9090E+12
  2.2387E-05    4.2761E+12    3.8612E+12    4.9419E+12    3.1641E+12    8.0710E+12
  2.5119E-05    3.7526E+12    3.3886E+12    4.3680E+12    2.8200E+12    7.3065E+12
  2.8184E-05    3.2924E+12    2.9937E+12    3.8818E+12    2.5086E+12    6.6051E+12
  3.1623E-05    2.8890E+12    2.6398E+12    3.4368E+12    2.2274E+12    5.9594E+12
  3.5481E-05    2.5351E+12    2.3178E+12    3.0392E+12    1.9732E+12    5.3629E+12
  3.9811E-05    2.2234E+12    2.0317E+12    2.6839E+12    1.7430E+12    4.8121E+12
  4.4668E-05    1.9414E+12    1.7791E+12    2.3676E+12    1.5353E+12    4.3054E+12
  5.0119E-05    1.6894E+12    1.5517E+12    2.0837E+12    1.3493E+12    3.8386E+12
  5.6234E-05    1.4705E+12    1.3425E+12    1.8244E+12    1.1802E+12    3.4035E+12
  6.3096E-05    1.2771E+12    1.1529E+12    1.5874E+12    1.0234E+12    2.9942E+12
  7.0795E-05    1.1040E+12    9.8361E+11    1.3734E+12    8.8027E+11    2.6128E+12
  7.9433E-05    9.5010E+11    8.3358E+11    1.1816E+12    7.5197E+11    2.2613E+12
  8.9125E-05    8.1352E+11    7.1068E+11    1.0233E+12    6.3820E+11    1.9392E+12
  1.0000E-04    6.9231E+11    6.0080E+11    8.8172E+11    5.3801E+11    1.6459E+12
  1.1220E-04    5.8410E+11    5.0292E+11    7.5366E+11    4.5027E+11    1.3812E+12
  1.2589E-04    4.8583E+11    4.1656E+11    6.3930E+11    3.7449E+11    1.1456E+12
  1.4125E-04    4.0107E+11    3.4156E+11    5.3804E+11    3.0960E+11    9.3853E+11
  1.5849E-04    3.2861E+11    2.7817E+11    4.4917E+11    2.5445E+11    7.5914E+11
  1.7783E-04    2.6649E+11    2.2289E+11    3.7197E+11    2.0802E+11    6.0601E+11
  1.9953E-04    2.1428E+11    1.7706E+11    3.0551E+11    1.6919E+11    4.7734E+11
  2.2387E-04    1.7102E+11    1.3977E+11    2.4891E+11    1.3559E+11    3.7098E+11
  2.5119E-04    1.3790E+11    1.1040E+11    2.0111E+11    1.0738E+11    2.8444E+11
  2.8184E-04    1.0947E+11    8.6842E+10    1.6110E+11    8.4587E+10    2.1515E+11
  3.1623E-04    8.6300E+10    6.7093E+10    1.2791E+11    6.6255E+10    1.6580E+11
  3.5481E-04    6.7660E+10    5.1603E+10    1.0060E+11    5.1349E+10    1.2785E+11
  3.9811E-04    5.2746E+10    3.9825E+10    7.8338E+10    3.8508E+10    9.7323E+10
  4.4668E-04    4.0878E+10    3.0379E+10    6.0363E+10    2.8645E+10    7.3136E+10
  5.0119E-04    3.1086E+10    2.3106E+10    4.3625E+10    2.1139E+10    5.4261E+10
  5.6234E-04    2.2207E+10    1.7335E+10    3.0504E+10    1.5461E+10    3.9751E+10
  6.3096E-04    1.6250E+10    1.2573E+10    2.1062E+10    1.1207E+10    2.8760E+10
  7.0795E-04    1.2024E+10    9.0079E+09    1.5060E+10    8.0547E+09    2.0547E+10
  7.9433E-04    8.8150E+09    6.3761E+09    1.0802E+10    5.7345E+09    1.4502E+10
  8.9125E-04    6.3966E+09    4.4564E+09    7.8806E+09    4.0447E+09    1.0117E+10
  1.0000E-03    4.5911E+09    3.0764E+09    5.6718E+09    2.8292E+09    6.9759E+09
  1.1220E-03    3.2737E+09    2.0995E+09    4.0208E+09    1.9519E+09    4.8003E+09
  1.2589E-03    2.3173E+09    1.4041E+09    2.8542E+09    1.3066E+09    3.2891E+09
  1.4125E-03    1.5841E+09    9.1822E+08    2.0063E+09    8.5986E+08    2.2178E+09
  1.5849E-03    1.0831E+09    5.9974E+08    1.3903E+09    5.5677E+08    1.4756E+09
  1.7783E-03    7.3178E+08    3.9411E+08    9.1959E+08    3.4551E+08    9.6980E+08
  1.9953E-03    4.8839E+08    2.5683E+08    5.9525E+08    2.1226E+08    6.4529E+08
  2.2387E-03    3.1812E+08    1.6540E+08    3.9013E+08    1.2914E+08    4.3075E+08
  2.5119E-03    2.0340E+08    1.0500E+08    2.4921E+08    7.7889E+07    2.8394E+08
  2.8184E-03    1.2854E+08    6.3968E+07    1.5815E+08    4.6642E+07    1.8484E+08
  3.1623E-03    8.0383E+07    3.8665E+07    9.9590E+07    2.7796E+07    1.1888E+08
  3.5481E-03    4.9821E+07    2.3270E+07    6.1441E+07    1.6477E+07    7.5615E+07
  3.9811E-03    3.0665E+07    1.4175E+07    3.8327E+07    9.7620E+06    4.7618E+07
  4.4668E-03    1.8771E+07    8.7017E+06    2.3941E+07    5.8008E+06    2.9727E+07
  5.0119E-03    1.1447E+07    5.3500E+06    1.4884E+07    3.4698E+06    1.8425E+07
  5.6234E-03    6.9669E+06    3.3003E+06    9.2264E+06    2.0968E+06    1.1359E+07
  6.3096E-03    4.2449E+06    2.0441E+06    5.7111E+06    1.2844E+06    6.9779E+06
  7.0795E-03    2.5909E+06    1.2559E+06    3.5161E+06    7.9945E+05    4.2793E+06
  7.9433E-03    1.5860E+06    7.6537E+05    2.1481E+06    5.0644E+05    2.6457E+06
  8.9125E-03    9.7507E+05    4.7086E+05    1.3134E+06    3.2670E+05    1.6470E+06
  1.0000E-02    6.0269E+05    2.9910E+05    8.0705E+05    2.1436E+05    1.0259E+06
  1.1220E-02    3.7352E+05    1.9154E+05    4.9768E+05    1.4291E+05    6.3977E+05
  1.2589E-02    2.3103E+05    1.2366E+05    3.0767E+05    9.6652E+04    3.9960E+05
  1.4125E-02    1.4221E+05    8.0563E+04    1.9069E+05    6.6121E+04    2.5009E+05
  1.5849E-02    8.8640E+04    5.3031E+04    1.1882E+05    4.3132E+04    1.5699E+05
  1.7783E-02    5.5439E+04    3.5931E+04    7.4378E+04    2.8510E+04    9.8934E+04
  1.9953E-02    3.5065E+04    2.4466E+04    4.6813E+04    1.9121E+04    6.2614E+04
  2.2387E-02    2.2456E+04    1.6373E+04    2.9657E+04    1.3007E+04    3.9833E+04
  2.5119E-02    1.4591E+04    1.1337E+04    1.8891E+04    8.9666E+03    2.5513E+04
  2.8184E-02    9.6821E+03    7.6687E+03    1.2478E+04    6.2571E+03    1.6474E+04
  3.1623E-02    6.5957E+03    5.2287E+03    8.1574E+03    4.4046E+03    1.0734E+04
  3.5481E-02    4.4740E+03    3.6227E+03    5.5919E+03    3.1213E+03    7.2166E+03
  3.9811E-02    3.0943E+03    2.5329E+03    3.7659E+03    2.2299E+03    4.9358E+03
  4.4668E-02    2.1924E+03    1.7911E+03    2.5883E+03    1.6043E+03    3.3948E+03
  5.0119E-02    1.5595E+03    1.2764E+03    1.8078E+03    1.1603E+03    2.3544E+03
  5.6234E-02    1.1130E+03    9.1658E+02    1.2620E+03    8.4320E+02    1.6466E+03
  6.3096E-02    8.0524E+02    6.6505E+02    8.9205E+02    6.1574E+02    1.1603E+03
  7.0795E-02    5.7914E+02    4.8335E+02    6.3769E+02    4.4989E+02    8.2397E+02
  7.9433E-02    4.1906E+02    3.5252E+02    4.5813E+02    3.2814E+02    5.9021E+02
  8.9125E-02    3.0386E+02    2.5676E+02    3.3051E+02    2.3967E+02    4.2437E+02
  1.0000E-01    2.2110E+02    1.8695E+02    2.4000E+02    1.7515E+02    3.0574E+02
  1.1220E-01    1.6095E+02    1.3625E+02    1.7488E+02    1.2783E+02    2.2153E+02
  1.2589E-01    1.1678E+02    9.9033E+01    1.2744E+02    9.2592E+01    1.6119E+02
  1.4125E-01    8.4188E+01    7.1607E+01    9.2591E+01    6.6417E+01    1.1747E+02
  1.5849E-01    6.0529E+01    5.1463E+01    6.6905E+01    4.7145E+01    8.5560E+01
  1.7783E-01    4.3331E+01    3.6693E+01    4.7993E+01    3.3048E+01    6.2161E+01
  1.9953E-01    3.0736E+01    2.5880E+01    3.4079E+01    2.2792E+01    4.4991E+01
  2.2387E-01    2.1538E+01    1.8039E+01    2.3914E+01    1.5444E+01    3.2366E+01
  2.5119E-01    1.4882E+01    1.2542E+01    1.6586E+01    1.0388E+01    2.3072E+01
  2.8184E-01    1.0228E+01    8.5179E+00    1.1371E+01    6.7877E+00    1.6284E+01
  3.1623E-01    6.8688E+00    5.5414E+00    7.7048E+00    4.2578E+00    1.1403E+01
  3.5481E-01    4.4505E+00    3.5078E+00    5.0557E+00    2.6241E+00    7.8020E+00
  3.9811E-01    2.8371E+00    2.1714E+00    3.2686E+00    1.5920E+00    5.1838E+00
  4.4668E-01    1.7841E+00    1.3220E+00    2.0818E+00    9.4466E-01    3.3887E+00
  5.0119E-01    1.1001E+00    7.8603E-01    1.2985E+00    5.4684E-01    2.1764E+00
  5.6234E-01    6.5693E-01    4.5582E-01    7.9165E-01    3.0855E-01    1.4073E+00
  6.3096E-01    3.8117E-01    2.5809E-01    4.7112E-01    1.7011E-01    8.9610E-01
  7.0795E-01    2.1622E-01    1.4285E-01    2.7477E-01    9.1713E-02    5.5644E-01
  7.9433E-01    1.1992E-01    7.7222E-02    1.6078E-01    4.8279E-02    3.3695E-01
  8.9125E-01    6.4952E-02    4.0761E-02    9.2302E-02    2.4824E-02    1.9871E-01
  1.0000E+00    3.4379E-02    2.1030E-02    5.1999E-02    1.2487E-02    1.1411E-01
  1.1220E+00    1.7803E-02    1.0612E-02    2.8774E-02    6.1455E-03    6.3925E-02
  1.2589E+00    9.0255E-03    5.2749E-03    1.5640E-02    2.9616E-03    3.4982E-02
  1.4125E+00    4.5357E-03    2.5333E-03    8.3547E-03    1.3981E-03    1.8734E-02
  1.5849E+00    2.2381E-03    1.1997E-03    4.3874E-03    6.4694E-04    9.8352E-03
  1.7783E+00    1.0855E-03    5.5689E-04    2.2659E-03    2.8941E-04    5.0704E-03
  1.9953E+00    5.0898E-04    2.5351E-04    1.1515E-03    1.2168E-04    2.6168E-03
  2.2387E+00    2.3564E-04    1.1323E-04    5.7593E-04    5.0039E-05    1.3501E-03
  2.5119E+00    1.1007E-04    4.9649E-05    2.8368E-04    2.0135E-05    6.8558E-04
  2.8184E+00    5.0617E-05    2.1378E-05    1.3764E-04    7.9336E-06    3.4281E-04
  3.1623E+00    2.2920E-05    9.0449E-06    6.5813E-05    3.0619E-06    1.6885E-04
  3.5481E+00    1.0182E-05    3.7606E-06    3.0125E-05    1.1572E-06    8.1955E-05
  3.9811E+00    4.4289E-06    1.5360E-06    1.2917E-05    4.2884E-07    3.9218E-05
  4.4668E+00    1.9043E-06    6.1714E-07    5.4382E-06    1.5597E-07    1.8495E-05
  5.0119E+00    8.0851E-07    2.4410E-07    2.2485E-06    5.5643E-08    8.5992E-06
  5.6234E+00    3.3789E-07    9.4986E-08    9.1542E-07    1.9473E-08    3.9484E-06
  6.3096E+00    1.3970E-07    3.6366E-08    3.6682E-07    6.6970E-09    1.7898E-06
  7.0795E+00    5.7366E-08    1.3727E-08    1.4452E-07    2.2566E-09    8.0056E-07
  7.9433E+00    2.2524E-08    5.0875E-09    5.6099E-08    7.4409E-10    3.5402E-07
  8.9125E+00    8.6160E-09    1.8508E-09    2.1486E-08    2.4138E-10    1.5465E-07
  1.0000E+01    3.3308E-09    6.6447E-10    8.0192E-09    7.7097E-11    6.6317E-08
  1.1220E+01    1.2483E-09    2.3551E-10    2.9425E-09    2.4195E-11    2.8083E-08
  1.2589E+01    4.6445E-10    8.2237E-11    1.0724E-09    7.4561E-12    1.1808E-08
  1.4125E+01    1.7084E-10    2.8279E-11    3.8620E-10    2.2565E-12    4.9149E-09
  1.5849E+01    6.2017E-11    9.5762E-12    1.3706E-10    6.7068E-13    2.0221E-09
  1.7783E+01    2.2219E-11    3.1935E-12    4.7945E-11    1.9577E-13    8.2239E-10
  1.9953E+01    7.8569E-12    1.0488E-12    1.6531E-11    5.6116E-14    3.3065E-10
  2.2387E+01    2.7426E-12    3.3915E-13    5.6196E-12    1.5796E-14    1.3145E-10
  2.5119E+01    9.4479E-13    1.0800E-13    1.8831E-12    4.3662E-15    5.1662E-11
  2.8184E+01    3.2122E-13    3.3866E-14    6.2196E-13    1.1850E-15    2.0074E-11
  3.1623E+01    1.0777E-13    1.0456E-14    2.0247E-13    3.1580E-16    7.7116E-12
  3.5481E+01    3.5681E-14    3.1784E-15    6.8286E-14    8.2643E-17    2.9286E-12
  3.9811E+01    1.1659E-14    9.5145E-16    2.3061E-14    2.1239E-17    1.0996E-12
  4.4668E+01    3.7601E-15    2.8045E-16    7.6918E-15    5.3606E-18    4.0824E-13
  5.0119E+01    1.1970E-15    8.1410E-17    2.5346E-15    1.3285E-18    1.4986E-13
  5.6234E+01    3.7612E-16    2.3268E-17    8.2513E-16    3.2326E-19    5.4402E-14
  6.3096E+01    1.1664E-16    6.5472E-18    2.6535E-16    7.7254E-20    1.9527E-14
  7.0795E+01    3.5699E-17    1.8141E-18    8.4292E-17    1.8127E-20    6.9305E-15
  7.9433E+01    1.0785E-17    4.9491E-19    2.6449E-17    4.2162E-21    2.4322E-15
  8.9125E+01    3.2160E-18    1.3423E-19    8.1992E-18    9.8070E-22    8.4407E-16
