# Differential number counts predicted by the model of Bethermin, Dole, Lagache, Le Borgne and Penin (2010, submitted to A&A)
# This file contains the prediction for Planck HFI 100 GHz
# column 1: S (in Jy)
# column 2: median dN/dS (gal/Jy/sr)
# column 3: 1-sigma inf dN/dS (gal/Jy/sr)
# column 4: 1-sigma sup dN/dS (gal/Jy/sr)
# column 5: 2-sigma inf dN/dS (gal/Jy/sr)
# column 6: 2-sigma sup dN/dS (gal/Jy/sr)
# WARNING: Due to the grid in redshift, there is an artficial deviation from the euclidian behavior at very high flux (S>1Jy). Use the model in this regime with caution.
# desc: flux@@float dnds_median@@float dnds_inf1@@float dnds_sup1@@float dnds_inf2@@float dnds_sup2@@float
  1.0000E-08    2.0812E+16    1.1632E+16    3.3963E+16    4.9090E+15    4.4094E+16
  1.1220E-08    1.8221E+16    1.0304E+16    2.9477E+16    4.4469E+15    3.8078E+16
  1.2589E-08    1.5952E+16    9.0968E+15    2.5609E+16    4.0283E+15    3.2882E+16
  1.4125E-08    1.3966E+16    8.0306E+15    2.2261E+16    3.6490E+15    2.8395E+16
  1.5849E-08    1.2227E+16    7.0896E+15    1.9351E+16    3.3055E+15    2.4520E+16
  1.7783E-08    1.0705E+16    6.2588E+15    1.6821E+16    2.9943E+15    2.1175E+16
  1.9953E-08    9.3719E+15    5.5252E+15    1.4622E+16    2.7124E+15    1.8285E+16
  2.2387E-08    8.2064E+15    4.8786E+15    1.2713E+16    2.4574E+15    1.5794E+16
  2.5119E-08    7.1857E+15    4.3076E+15    1.1054E+16    2.2264E+15    1.3641E+16
  2.8184E-08    6.2918E+15    3.8032E+15    9.6100E+15    2.0170E+15    1.1782E+16
  3.1623E-08    5.5089E+15    3.3981E+15    8.3548E+15    1.8272E+15    1.0175E+16
  3.5481E-08    4.8234E+15    3.0670E+15    7.2633E+15    1.6553E+15    8.7877E+15
  3.9811E-08    4.2231E+15    2.7422E+15    6.3144E+15    1.4995E+15    7.5893E+15
  4.4668E-08    3.6974E+15    2.4311E+15    5.4893E+15    1.3584E+15    6.5541E+15
  5.0119E-08    3.2372E+15    2.1552E+15    4.7720E+15    1.2306E+15    5.6601E+15
  5.6234E-08    2.8476E+15    1.9107E+15    4.1484E+15    1.1148E+15    4.8881E+15
  6.3096E-08    2.5058E+15    1.6939E+15    3.6063E+15    1.0099E+15    4.2213E+15
  7.0795E-08    2.2050E+15    1.5017E+15    3.1350E+15    9.1481E+14    3.6469E+15
  7.9433E-08    1.9319E+15    1.3313E+15    2.7253E+15    8.2872E+14    3.1653E+15
  8.9125E-08    1.6864E+15    1.1802E+15    2.3692E+15    7.5074E+14    2.7473E+15
  1.0000E-07    1.4721E+15    1.0463E+15    2.0595E+15    6.8009E+14    2.3845E+15
  1.1220E-07    1.2851E+15    9.2758E+14    1.7904E+15    6.1609E+14    2.0696E+15
  1.2589E-07    1.1309E+15    8.2234E+14    1.5564E+15    5.5812E+14    1.7962E+15
  1.4125E-07    9.9054E+14    7.2903E+14    1.3530E+15    5.0404E+14    1.5590E+15
  1.5849E-07    8.6611E+14    6.4632E+14    1.1762E+15    4.4872E+14    1.3531E+15
  1.7783E-07    7.5729E+14    5.7300E+14    1.0225E+15    3.9947E+14    1.1743E+15
  1.9953E-07    6.6215E+14    5.0799E+14    8.8893E+14    3.5563E+14    1.0192E+15
  2.2387E-07    5.9481E+14    4.5038E+14    7.7281E+14    3.1661E+14    8.8456E+14
  2.5119E-07    5.2974E+14    3.9930E+14    6.7187E+14    2.8188E+14    7.6770E+14
  2.8184E-07    4.6692E+14    3.5403E+14    5.8413E+14    2.5096E+14    6.6628E+14
  3.1623E-07    4.1157E+14    3.1391E+14    5.0786E+14    2.2345E+14    5.7826E+14
  3.5481E-07    3.6281E+14    2.7834E+14    4.4157E+14    1.9895E+14    5.0186E+14
  3.9811E-07    3.1986E+14    2.4681E+14    3.8395E+14    1.7715E+14    4.3555E+14
  4.4668E-07    2.8201E+14    2.1886E+14    3.3386E+14    1.5774E+14    3.7798E+14
  5.0119E-07    2.4868E+14    1.9409E+14    2.9097E+14    1.4046E+14    3.2802E+14
  5.6234E-07    2.1932E+14    1.7214E+14    2.5353E+14    1.2508E+14    2.8466E+14
  6.3096E-07    1.9141E+14    1.5269E+14    2.1960E+14    1.1140E+14    2.4702E+14
  7.0795E-07    1.6645E+14    1.3545E+14    1.9101E+14    9.9216E+13    2.1439E+14
  7.9433E-07    1.4477E+14    1.2017E+14    1.6618E+14    8.8374E+13    1.9367E+14
  8.9125E-07    1.2593E+14    1.0644E+14    1.4460E+14    7.8727E+13    1.7498E+14
  1.0000E-06    1.0955E+14    9.4566E+13    1.2510E+14    7.0145E+13    1.5812E+14
  1.1220E-06    9.5325E+13    8.4049E+13    1.0809E+14    6.2508E+13    1.4291E+14
  1.2589E-06    8.2964E+13    7.4400E+13    9.3412E+13    5.5712E+13    1.2919E+14
  1.4125E-06    7.2227E+13    6.5572E+13    8.1102E+13    4.9664E+13    1.1680E+14
  1.5849E-06    6.3866E+13    5.7456E+13    7.1755E+13    4.4282E+13    1.0562E+14
  1.7783E-06    5.6990E+13    5.0354E+13    6.3151E+13    3.9490E+13    9.5525E+13
  1.9953E-06    4.9851E+13    4.4160E+13    5.5343E+13    3.5223E+13    8.6399E+13
  2.2387E-06    4.3624E+13    3.8755E+13    4.8921E+13    3.1422E+13    7.8145E+13
  2.5119E-06    3.8193E+13    3.4038E+13    4.3272E+13    2.8033E+13    7.0671E+13
  2.8184E-06    3.3454E+13    2.9914E+13    3.8907E+13    2.5009E+13    6.3890E+13
  3.1623E-06    2.9311E+13    2.6330E+13    3.3901E+13    2.2298E+13    5.7712E+13
  3.5481E-06    2.5491E+13    2.3232E+13    3.0004E+13    1.9860E+13    5.2057E+13
  3.9811E-06    2.2119E+13    2.0500E+13    2.6550E+13    1.7669E+13    4.6871E+13
  4.4668E-06    1.9246E+13    1.8083E+13    2.3479E+13    1.5695E+13    4.2097E+13
  5.0119E-06    1.6770E+13    1.5934E+13    2.0737E+13    1.3909E+13    3.7681E+13
  5.6234E-06    1.4716E+13    1.4051E+13    1.8317E+13    1.2314E+13    3.3630E+13
  6.3096E-06    1.2992E+13    1.2405E+13    1.6199E+13    1.0902E+13    2.9946E+13
  7.0795E-06    1.1420E+13    1.0821E+13    1.4254E+13    9.5949E+12    2.6491E+13
  7.9433E-06    9.8610E+12    9.3600E+12    1.2445E+13    8.3697E+12    2.3209E+13
  8.9125E-06    8.4804E+12    8.0595E+12    1.0816E+13    7.2576E+12    2.0159E+13
  1.0000E-05    7.3070E+12    6.9034E+12    9.3510E+12    6.2534E+12    1.7344E+13
  1.1220E-05    6.2679E+12    5.8767E+12    8.0355E+12    5.3505E+12    1.4761E+13
  1.2589E-05    5.3304E+12    4.9663E+12    6.8568E+12    4.5420E+12    1.2416E+13
  1.4125E-05    4.4880E+12    4.1637E+12    5.8081E+12    3.8243E+12    1.0313E+13
  1.5849E-05    3.7510E+12    3.4656E+12    4.8856E+12    3.1966E+12    8.4560E+12
  1.7783E-05    3.1176E+12    2.8630E+12    4.0968E+12    2.6522E+12    6.8367E+12
  1.9953E-05    2.5659E+12    2.3456E+12    3.4127E+12    2.1830E+12    5.4445E+12
  2.2387E-05    2.0916E+12    1.9065E+12    2.8169E+12    1.7833E+12    4.2696E+12
  2.5119E-05    1.6886E+12    1.5373E+12    2.3036E+12    1.4459E+12    3.2959E+12
  2.8184E-05    1.3507E+12    1.2302E+12    1.8662E+12    1.1639E+12    2.5037E+12
  3.1623E-05    1.0710E+12    9.7725E+11    1.4974E+12    9.3026E+11    1.8717E+12
  3.5481E-05    8.4132E+11    7.6920E+11    1.1896E+12    7.2338E+11    1.3767E+12
  3.9811E-05    6.5189E+11    5.9324E+11    9.3561E+11    5.5702E+11    1.0189E+12
  4.4668E-05    5.0079E+11    4.5435E+11    7.1002E+11    4.2461E+11    7.6017E+11
  5.0119E-05    3.8062E+11    3.4349E+11    5.3482E+11    3.2034E+11    5.8430E+11
  5.6234E-05    2.8822E+11    2.5766E+11    3.9648E+11    2.3913E+11    4.4349E+11
  6.3096E-05    2.1593E+11    1.9173E+11    2.8076E+11    1.7654E+11    3.3209E+11
  7.0795E-05    1.6036E+11    1.3954E+11    2.0880E+11    1.2894E+11    2.4530E+11
  7.9433E-05    1.1821E+11    1.0063E+11    1.5712E+11    9.2980E+10    1.7845E+11
  8.9125E-05    8.7277E+10    6.7706E+10    1.1489E+11    6.5922E+10    1.2769E+11
  1.0000E-04    6.2433E+10    4.6437E+10    8.0716E+10    4.3622E+10    8.9991E+10
  1.1220E-04    4.4995E+10    3.2182E+10    5.5815E+10    2.7817E+10    6.3051E+10
  1.2589E-04    3.2020E+10    2.1975E+10    3.7947E+10    1.7554E+10    4.4143E+10
  1.4125E-04    2.2631E+10    1.4927E+10    2.6280E+10    1.1047E+10    3.1085E+10
  1.5849E-04    1.5768E+10    9.9673E+09    1.8347E+10    6.8853E+09    2.1519E+10
  1.7783E-04    1.0720E+10    6.4474E+09    1.2554E+10    4.2237E+09    1.4533E+10
  1.9953E-04    6.9931E+09    4.1210E+09    8.4807E+09    2.5939E+09    9.6502E+09
  2.2387E-04    4.6467E+09    2.6261E+09    5.4592E+09    1.6063E+09    6.3234E+09
  2.5119E-04    3.0473E+09    1.6580E+09    3.5783E+09    1.0024E+09    4.0774E+09
  2.8184E-04    1.9289E+09    1.0348E+09    2.3311E+09    6.3161E+08    2.5890E+09
  3.1623E-04    1.1973E+09    6.4819E+08    1.4978E+09    4.0246E+08    1.6324E+09
  3.5481E-04    7.4365E+08    4.0902E+08    9.4072E+08    2.6025E+08    1.0252E+09
  3.9811E-04    4.6264E+08    2.6315E+08    5.9217E+08    1.7105E+08    6.4506E+08
  4.4668E-04    2.8889E+08    1.6884E+08    3.7107E+08    1.1432E+08    4.1007E+08
  5.0119E-04    1.8160E+08    1.0962E+08    2.3163E+08    7.7661E+07    2.6043E+08
  5.6234E-04    1.1512E+08    7.2681E+07    1.4452E+08    5.3556E+07    1.6578E+08
  6.3096E-04    7.3713E+07    4.8934E+07    9.0475E+07    3.7421E+07    1.0612E+08
  7.0795E-04    4.7720E+07    3.3491E+07    5.7058E+07    2.6441E+07    6.8510E+07
  7.9433E-04    3.1171E+07    2.3281E+07    3.6367E+07    1.8855E+07    4.4701E+07
  8.9125E-04    2.0488E+07    1.6328E+07    2.3632E+07    1.3543E+07    2.9506E+07
  1.0000E-03    1.3681E+07    1.1588E+07    1.5787E+07    9.7834E+06    1.9707E+07
  1.1220E-03    9.2691E+06    8.1431E+06    1.0685E+07    7.0999E+06    1.3312E+07
  1.2589E-03    6.4226E+06    5.7763E+06    7.3384E+06    5.1711E+06    9.0842E+06
  1.4125E-03    4.5112E+06    4.1249E+06    5.0869E+06    3.7771E+06    6.2556E+06
  1.5849E-03    3.2228E+06    2.9885E+06    3.5781E+06    2.7165E+06    4.3423E+06
  1.7783E-03    2.2958E+06    2.1634E+06    2.5323E+06    1.9492E+06    3.0352E+06
  1.9953E-03    1.6707E+06    1.5489E+06    1.8008E+06    1.4088E+06    2.1351E+06
  2.2387E-03    1.1975E+06    1.1314E+06    1.2950E+06    1.0242E+06    1.5105E+06
  2.5119E-03    8.6419E+05    8.1594E+05    9.4148E+05    7.4838E+05    1.0745E+06
  2.8184E-03    6.3458E+05    5.9071E+05    6.8860E+05    5.4910E+05    7.6833E+05
  3.1623E-03    4.6080E+05    4.2956E+05    5.0465E+05    4.0411E+05    5.5190E+05
  3.5481E-03    3.3886E+05    3.1368E+05    3.7059E+05    2.9843E+05    3.9851E+05
  3.9811E-03    2.4975E+05    2.2996E+05    2.7276E+05    2.2086E+05    2.8902E+05
  4.4668E-03    1.8435E+05    1.6949E+05    2.0107E+05    1.6366E+05    2.1072E+05
  5.0119E-03    1.3644E+05    1.2538E+05    1.4859E+05    1.2155E+05    1.5495E+05
  5.6234E-03    1.0116E+05    9.2929E+04    1.1003E+05    9.0401E+04    1.1419E+05
  6.3096E-03    7.5049E+04    6.8916E+04    8.1498E+04    6.7240E+04    8.4265E+04
  7.0795E-03    5.5769E+04    5.1194E+04    6.0338E+04    5.0063E+04    6.2288E+04
  7.9433E-03    4.1509E+04    3.8085E+04    4.4797E+04    3.7330E+04    4.6137E+04
  8.9125E-03    3.0918E+04    2.8324E+04    3.3300E+04    2.7846E+04    3.4224E+04
  1.0000E-02    2.3024E+04    2.1072E+04    2.4758E+04    2.0751E+04    2.5406E+04
  1.1220E-02    1.7158E+04    1.5696E+04    1.8430E+04    1.5462E+04    1.8880E+04
  1.2589E-02    1.2810E+04    1.1713E+04    1.3737E+04    1.1532E+04    1.4047E+04
  1.4125E-02    9.5771E+03    8.7528E+03    1.0252E+04    8.6102E+03    1.0464E+04
  1.5849E-02    7.1636E+03    6.5430E+03    7.6537E+03    6.4292E+03    7.7999E+03
  1.7783E-02    5.3537E+03    4.8853E+03    5.7072E+03    4.7943E+03    5.8123E+03
  1.9953E-02    4.0033E+03    3.6494E+03    4.2581E+03    3.5762E+03    4.3317E+03
  2.2387E-02    2.9964E+03    2.7290E+03    3.1814E+03    2.6696E+03    3.2301E+03
  2.5119E-02    2.2407E+03    2.0404E+03    2.3809E+03    1.9923E+03    2.4085E+03
  2.8184E-02    1.6731E+03    1.5244E+03    1.7813E+03    1.4861E+03    1.7955E+03
  3.1623E-02    1.2492E+03    1.1392E+03    1.3302E+03    1.1084E+03    1.3424E+03
  3.5481E-02    9.3186E+02    8.5042E+02    9.9302E+02    8.2563E+02    1.0036E+03
  3.9811E-02    6.9293E+02    6.3253E+02    7.3958E+02    6.1283E+02    7.4897E+02
  4.4668E-02    5.1410E+02    4.6921E+02    5.5002E+02    4.5370E+02    5.5862E+02
  5.0119E-02    3.8063E+02    3.4691E+02    4.0712E+02    3.3498E+02    4.1656E+02
  5.6234E-02    2.8082E+02    2.5506E+02    3.0004E+02    2.4621E+02    3.1008E+02
  6.3096E-02    2.0610E+02    1.8609E+02    2.1993E+02    1.7986E+02    2.3006E+02
  7.0795E-02    1.5018E+02    1.3439E+02    1.6085E+02    1.3032E+02    1.6976E+02
  7.9433E-02    1.0846E+02    9.5940E+01    1.1716E+02    9.3550E+01    1.2436E+02
  8.9125E-02    7.7491E+01    6.7953E+01    8.4964E+01    6.6127E+01    9.0250E+01
  1.0000E-01    5.5101E+01    4.7551E+01    6.0606E+01    4.6059E+01    6.4687E+01
  1.1220E-01    3.8886E+01    3.2653E+01    4.2427E+01    3.1599E+01    4.5669E+01
  1.2589E-01    2.6922E+01    2.1998E+01    2.9285E+01    2.1372E+01    3.1733E+01
  1.4125E-01    1.8312E+01    1.4705E+01    1.9885E+01    1.4120E+01    2.2213E+01
  1.5849E-01    1.2066E+01    9.6293E+00    1.3343E+01    9.0512E+00    1.5546E+01
  1.7783E-01    7.8006E+00    6.1707E+00    8.9318E+00    5.6665E+00    1.0732E+01
  1.9953E-01    5.0556E+00    3.8856E+00    5.8822E+00    3.4808E+00    7.3087E+00
  2.2387E-01    3.1940E+00    2.3996E+00    3.7717E+00    2.0939E+00    4.8964E+00
  2.5119E-01    1.9582E+00    1.4519E+00    2.4029E+00    1.2323E+00    3.2184E+00
  2.8184E-01    1.1752E+00    8.6033E-01    1.5058E+00    7.0925E-01    2.0708E+00
  3.1623E-01    6.9020E-01    4.9903E-01    9.1119E-01    3.9908E-01    1.3018E+00
  3.5481E-01    3.9724E-01    2.8377E-01    5.3896E-01    2.1990E-01    7.9961E-01
  3.9811E-01    2.1362E-01    1.5830E-01    3.1014E-01    1.1871E-01    4.8011E-01
  4.4668E-01    1.1175E-01    8.6272E-02    1.7260E-01    6.2781E-02    2.8187E-01
  5.0119E-01    5.9456E-02    4.5345E-02    9.3950E-02    3.2539E-02    1.6205E-01
  5.6234E-01    3.1193E-02    2.3351E-02    5.0067E-02    1.6542E-02    9.1431E-02
  6.3096E-01    1.6304E-02    1.1908E-02    2.6605E-02    8.2536E-03    5.0747E-02
  7.0795E-01    8.4859E-03    6.0955E-03    1.4389E-02    4.0435E-03    2.7772E-02
  7.9433E-01    4.3521E-03    3.0474E-03    7.6668E-03    1.9463E-03    1.5022E-02
  8.9125E-01    2.1528E-03    1.5010E-03    4.0251E-03    9.2068E-04    8.0449E-03
  1.0000E+00    1.0217E-03    7.0668E-04    2.0835E-03    4.2831E-04    4.2743E-03
  1.1220E+00    4.7610E-04    3.2728E-04    1.0622E-03    1.9596E-04    2.2547E-03
  1.2589E+00    2.1827E-04    1.4926E-04    5.3280E-04    8.8261E-05    1.1828E-03
  1.4125E+00    1.0402E-04    6.7002E-05    2.6481E-04    3.9110E-05    6.1677E-04
  1.5849E+00    4.8960E-05    2.9642E-05    1.3059E-04    1.7072E-05    3.2012E-04
  1.7783E+00    2.2743E-05    1.2915E-05    6.3277E-05    7.3350E-06    1.6520E-04
  1.9953E+00    1.0442E-05    5.5510E-06    3.0295E-05    3.0098E-06    8.4879E-05
  2.2387E+00    4.7346E-06    2.3517E-06    1.4329E-05    1.1644E-06    4.3363E-05
  2.5119E+00    2.1220E-06    9.8288E-07    6.7001E-06    4.4259E-07    2.2034E-05
  2.8184E+00    9.3832E-07    4.0452E-07    3.0930E-06    1.6501E-07    1.1105E-05
  3.1623E+00    4.1073E-07    1.6452E-07    1.4133E-06    6.0547E-08    5.5709E-06
  3.5481E+00    1.7776E-07    6.6033E-08    6.3882E-07    2.1836E-08    2.7770E-06
  3.9811E+00    7.6082E-08    2.6163E-08    2.8565E-07    7.7439E-09    1.3749E-06
  4.4668E+00    3.2165E-08    1.0220E-08    1.2626E-07    2.6974E-09    6.7494E-07
  5.0119E+00    1.3474E-08    3.9491E-09    5.5303E-08    9.2577E-10    3.2958E-07
  5.6234E+00    5.5898E-09    1.5088E-09    2.4010E-08    3.1286E-10    1.6013E-07
  6.3096E+00    2.1696E-09    5.6475E-10    1.0258E-08    1.0322E-10    7.6574E-08
  7.0795E+00    8.2661E-10    2.0745E-10    4.3147E-09    3.3328E-11    3.6034E-08
  7.9433E+00    3.1387E-10    7.5921E-11    1.8081E-09    1.0683E-11    1.6964E-08
  8.9125E+00    1.1819E-10    2.7542E-11    7.5250E-10    3.3812E-12    7.9567E-09
  1.0000E+01    4.4035E-11    9.8818E-12    3.1040E-10    1.0549E-12    3.7053E-09
  1.1220E+01    1.6210E-11    3.5018E-12    1.2680E-10    3.2397E-13    1.7109E-09
  1.2589E+01    5.9052E-12    1.2276E-12    5.1356E-11    9.8127E-14    7.8427E-10
  1.4125E+01    2.1256E-12    4.2510E-13    2.0600E-11    2.9263E-14    3.5642E-10
  1.5849E+01    7.5813E-13    1.4582E-13    8.2026E-12    8.6189E-15    1.6101E-10
  1.7783E+01    2.6736E-13    4.9443E-14    3.2377E-12    2.5010E-15    7.2185E-11
  1.9953E+01    9.3053E-14    1.6470E-14    1.2649E-12    7.1379E-16    3.2051E-11
  2.2387E+01    3.2553E-14    5.2696E-15    4.8909E-13    2.0035E-16    1.4094E-11
  2.5119E+01    1.1547E-14    1.6625E-15    1.8716E-13    5.5302E-17    6.1373E-12
  2.8184E+01    4.0468E-15    5.1711E-16    7.0874E-14    1.5009E-17    2.6467E-12
  3.1623E+01    1.4010E-15    1.5858E-16    2.6557E-14    4.0052E-18    1.1302E-12
  3.5481E+01    4.7910E-16    4.7941E-17    9.8463E-15    1.0507E-18    4.7793E-13
  3.9811E+01    1.6184E-16    1.4287E-17    3.6120E-15    2.7098E-19    2.0013E-13
  4.4668E+01    5.3995E-17    4.1973E-18    1.3109E-15    6.8691E-20    8.2982E-14
  5.0119E+01    1.7793E-17    1.2154E-18    4.7069E-16    1.7116E-20    3.4072E-14
  5.6234E+01    5.7905E-18    3.4687E-19    1.6719E-16    4.1914E-21    1.3852E-14
  6.3096E+01    1.8610E-18    9.7568E-20    5.8741E-17    1.0087E-21    5.5766E-15
  7.0795E+01    5.9068E-19    2.7047E-20    2.0415E-17    2.3857E-22    2.2230E-15
  7.9433E+01    1.8513E-19    7.3887E-21    7.0178E-18    5.5444E-23    8.7745E-16
  8.9125E+01    5.7297E-20    1.9890E-21    2.3860E-18    1.2661E-23    3.4294E-16
