# Differential number counts predicted by the model of Bethermin, Dole, Lagache, Le Borgne and Penin (2010, submitted to A&A)
# This file contains the prediction for Spitzer MIPS 70 um
# column 1: S (in Jy)
# column 2: median dN/dS (gal/Jy/sr)
# column 3: 1-sigma inf dN/dS (gal/Jy/sr)
# column 4: 1-sigma sup dN/dS (gal/Jy/sr)
# column 5: 2-sigma inf dN/dS (gal/Jy/sr)
# column 6: 2-sigma sup dN/dS (gal/Jy/sr)
# WARNING: Due to the grid in redshift, there is an artficial deviation from the euclidian behavior at very high flux (S>1Jy). Use the model in this regime with caution.
# desc: flux@@float dnds_median@@float dnds_inf1@@float dnds_sup1@@float dnds_inf2@@float dnds_sup2@@float
  1.0000E-08    3.3111E+16    1.2883E+16    6.4629E+16    4.1648E+15    9.9328E+16
  1.1220E-08    2.8988E+16    1.1421E+16    5.6091E+16    3.7728E+15    8.5775E+16
  1.2589E-08    2.5379E+16    1.0124E+16    4.8681E+16    3.4176E+15    7.4072E+16
  1.4125E-08    2.2219E+16    8.9754E+15    4.2249E+16    3.0958E+15    6.3964E+16
  1.5849E-08    1.9453E+16    7.9566E+15    3.6667E+16    2.8044E+15    5.5236E+16
  1.7783E-08    1.7031E+16    7.0536E+15    3.1823E+16    2.5404E+15    4.7699E+16
  1.9953E-08    1.4910E+16    6.2531E+15    2.7618E+16    2.3012E+15    4.1190E+16
  2.2387E-08    1.3054E+16    5.5433E+15    2.3969E+16    2.0846E+15    3.5572E+16
  2.5119E-08    1.1430E+16    4.9152E+15    2.0806E+16    1.8883E+15    3.0721E+16
  2.8184E-08    1.0008E+16    4.3581E+15    1.8059E+16    1.7112E+15    2.6531E+16
  3.1623E-08    8.7628E+15    3.8639E+15    1.5674E+16    1.5502E+15    2.2912E+16
  3.5481E-08    7.6722E+15    3.4256E+15    1.3604E+16    1.4044E+15    1.9787E+16
  3.9811E-08    6.7172E+15    3.0370E+15    1.1808E+16    1.2722E+15    1.7087E+16
  4.4668E-08    5.8811E+15    2.6924E+15    1.0248E+16    1.1525E+15    1.4756E+16
  5.0119E-08    5.1490E+15    2.3869E+15    8.8945E+15    1.0440E+15    1.2743E+16
  5.6234E-08    4.5080E+15    2.1161E+15    7.7197E+15    9.4572E+14    1.1004E+16
  6.3096E-08    3.9468E+15    1.8760E+15    6.6999E+15    8.5669E+14    9.5031E+15
  7.0795E-08    3.4554E+15    1.6631E+15    5.8148E+15    7.7603E+14    8.2065E+15
  7.9433E-08    3.0252E+15    1.4743E+15    5.0466E+15    7.0296E+14    7.0868E+15
  8.9125E-08    2.6486E+15    1.3070E+15    4.3800E+15    6.3677E+14    6.1199E+15
  1.0000E-07    2.3188E+15    1.1746E+15    3.8013E+15    5.7680E+14    5.2848E+15
  1.1220E-07    2.0301E+15    1.0599E+15    3.2991E+15    5.2248E+14    4.5637E+15
  1.2589E-07    1.7774E+15    9.5630E+14    2.8633E+15    4.7327E+14    3.9410E+15
  1.4125E-07    1.5561E+15    8.4713E+14    2.4850E+15    4.2869E+14    3.4033E+15
  1.5849E-07    1.3623E+15    7.4786E+14    2.1567E+15    3.8830E+14    2.9389E+15
  1.7783E-07    1.1927E+15    6.6022E+14    1.8718E+15    3.5171E+14    2.5379E+15
  1.9953E-07    1.0442E+15    5.8285E+14    1.6245E+15    3.1857E+14    2.1916E+15
  2.2387E-07    9.1421E+14    5.1455E+14    1.4099E+15    2.8854E+14    1.8926E+15
  2.5119E-07    8.0038E+14    4.5425E+14    1.2236E+15    2.6133E+14    1.6343E+15
  2.8184E-07    7.0073E+14    4.0102E+14    1.0620E+15    2.3667E+14    1.4113E+15
  3.1623E-07    6.1349E+14    3.5403E+14    9.2171E+14    2.1433E+14    1.2187E+15
  3.5481E-07    5.3711E+14    3.1254E+14    7.9995E+14    1.9409E+14    1.0525E+15
  3.9811E-07    4.7024E+14    2.7592E+14    6.9428E+14    1.7575E+14    9.0885E+14
  4.4668E-07    4.1170E+14    2.4359E+14    6.0257E+14    1.5914E+14    7.8484E+14
  5.0119E-07    3.6046E+14    2.1505E+14    5.2300E+14    1.4411E+14    6.7776E+14
  5.6234E-07    3.1560E+14    1.9031E+14    4.5395E+14    1.2880E+14    5.8530E+14
  6.3096E-07    2.7633E+14    1.6877E+14    3.9403E+14    1.1469E+14    5.0545E+14
  7.0795E-07    2.4195E+14    1.4969E+14    3.4203E+14    1.0213E+14    4.3651E+14
  7.9433E-07    2.1186E+14    1.3277E+14    2.9691E+14    9.0951E+13    3.7697E+14
  8.9125E-07    1.8551E+14    1.1779E+14    2.5776E+14    8.1004E+13    3.2556E+14
  1.0000E-06    1.6246E+14    1.0452E+14    2.2378E+14    7.2154E+13    2.8117E+14
  1.1220E-06    1.4208E+14    9.2780E+13    1.9431E+14    6.4284E+13    2.4285E+14
  1.2589E-06    1.2410E+14    8.2386E+13    1.6874E+14    5.7286E+13    2.0976E+14
  1.4125E-06    1.0842E+14    7.3184E+13    1.4675E+14    5.1059E+13    1.8119E+14
  1.5849E-06    9.4933E+13    6.5038E+13    1.2767E+14    4.5520E+13    1.5652E+14
  1.7783E-06    8.3808E+13    5.7826E+13    1.1108E+14    4.0592E+13    1.3523E+14
  1.9953E-06    7.3448E+13    5.1434E+13    9.6663E+13    3.6204E+13    1.1684E+14
  2.2387E-06    6.4320E+13    4.5767E+13    8.4127E+13    3.2296E+13    1.0096E+14
  2.5119E-06    5.6317E+13    4.0745E+13    7.3229E+13    2.8817E+13    8.7257E+13
  2.8184E-06    4.9319E+13    3.6291E+13    6.3751E+13    2.5718E+13    7.5421E+13
  3.1623E-06    4.3196E+13    3.2332E+13    5.5506E+13    2.2956E+13    6.5199E+13
  3.5481E-06    3.8079E+13    2.8808E+13    4.8330E+13    2.0492E+13    5.6369E+13
  3.9811E-06    3.3405E+13    2.5665E+13    4.2083E+13    1.8291E+13    4.8740E+13
  4.4668E-06    2.9304E+13    2.2858E+13    3.6643E+13    1.6325E+13    4.2145E+13
  5.0119E-06    2.5705E+13    2.0348E+13    3.1904E+13    1.4568E+13    3.6444E+13
  5.6234E-06    2.2544E+13    1.8098E+13    2.7774E+13    1.2995E+13    3.1512E+13
  6.3096E-06    1.9805E+13    1.6081E+13    2.4173E+13    1.1588E+13    2.7245E+13
  7.0795E-06    1.7401E+13    1.4269E+13    2.1032E+13    1.0327E+13    2.3551E+13
  7.9433E-06    1.5178E+13    1.2644E+13    1.8293E+13    9.1968E+12    2.0353E+13
  8.9125E-06    1.3291E+13    1.1185E+13    1.5903E+13    8.1848E+12    1.7583E+13
  1.0000E-05    1.1631E+13    9.8768E+12    1.3819E+13    7.2782E+12    1.5185E+13
  1.1220E-05    1.0173E+13    8.7059E+12    1.2001E+13    6.4666E+12    1.3108E+13
  1.2589E-05    8.8908E+12    7.6591E+12    1.0416E+13    5.7402E+12    1.1310E+13
  1.4125E-05    7.7653E+12    6.7257E+12    9.0355E+12    5.0907E+12    9.7539E+12
  1.5849E-05    6.7775E+12    5.8611E+12    7.8327E+12    4.5106E+12    8.4072E+12
  1.7783E-05    5.8970E+12    5.0191E+12    6.7856E+12    3.9928E+12    7.2428E+12
  1.9953E-05    5.1139E+12    4.3027E+12    5.8746E+12    3.5313E+12    6.2386E+12
  2.2387E-05    4.4294E+12    3.6936E+12    5.0824E+12    3.1203E+12    5.3704E+12
  2.5119E-05    3.8328E+12    3.1758E+12    4.3942E+12    2.7549E+12    4.6209E+12
  2.8184E-05    3.3138E+12    2.7357E+12    3.7965E+12    2.4302E+12    3.9745E+12
  3.1623E-05    2.8632E+12    2.3612E+12    3.2780E+12    2.1422E+12    3.4177E+12
  3.5481E-05    2.4727E+12    2.0669E+12    2.8284E+12    1.8830E+12    2.9384E+12
  3.9811E-05    2.1409E+12    1.8085E+12    2.4357E+12    1.6468E+12    2.5261E+12
  4.4668E-05    1.8558E+12    1.5815E+12    2.0933E+12    1.4422E+12    2.1715E+12
  5.0119E-05    1.6080E+12    1.3823E+12    1.7980E+12    1.2646E+12    1.8664E+12
  5.6234E-05    1.3926E+12    1.2075E+12    1.5436E+12    1.1101E+12    1.6040E+12
  6.3096E-05    1.2057E+12    1.0541E+12    1.3244E+12    9.7542E+11    1.3782E+12
  7.0795E-05    1.0436E+12    9.1964E+11    1.1356E+12    8.5773E+11    1.1837E+12
  7.9433E-05    9.0207E+11    8.0170E+11    9.7313E+11    7.5459E+11    1.0162E+12
  8.9125E-05    7.7960E+11    6.9828E+11    8.3566E+11    6.6395E+11    8.7192E+11
  1.0000E-04    6.7326E+11    6.0760E+11    7.2005E+11    5.8356E+11    7.4748E+11
  1.1220E-04    5.8095E+11    5.2811E+11    6.1985E+11    5.0992E+11    6.4015E+11
  1.2589E-04    5.0077E+11    4.5842E+11    5.3266E+11    4.4496E+11    5.4756E+11
  1.4125E-04    4.3104E+11    3.9736E+11    4.5559E+11    3.8769E+11    4.6768E+11
  1.5849E-04    3.7053E+11    3.4613E+11    3.9000E+11    3.3719E+11    3.9878E+11
  1.7783E-04    3.1631E+11    2.9832E+11    3.3239E+11    2.9270E+11    3.3937E+11
  1.9953E-04    2.6959E+11    2.5662E+11    2.8296E+11    2.5352E+11    2.8891E+11
  2.2387E-04    2.2944E+11    2.2035E+11    2.4055E+11    2.1778E+11    2.4728E+11
  2.5119E-04    1.9577E+11    1.8902E+11    2.0547E+11    1.8608E+11    2.1117E+11
  2.8184E-04    1.6732E+11    1.6180E+11    1.7384E+11    1.5872E+11    1.7989E+11
  3.1623E-04    1.4339E+11    1.3814E+11    1.4729E+11    1.3515E+11    1.5283E+11
  3.5481E-04    1.2225E+11    1.1721E+11    1.2611E+11    1.1485E+11    1.2947E+11
  3.9811E-04    1.0219E+11    9.9464E+10    1.0719E+11    9.7411E+10    1.0935E+11
  4.4668E-04    8.6273E+10    8.3861E+10    9.0085E+10    8.2175E+10    9.2055E+10
  5.0119E-04    7.2835E+10    7.0376E+10    7.5479E+10    6.8579E+10    7.7236E+10
  5.6234E-04    6.1107E+10    5.8639E+10    6.3044E+10    5.7084E+10    6.4909E+10
  6.3096E-04    5.1104E+10    4.9194E+10    5.2488E+10    4.7392E+10    5.4363E+10
  7.0795E-04    4.2487E+10    4.0971E+10    4.3707E+10    3.9242E+10    4.5326E+10
  7.9433E-04    3.5221E+10    3.4030E+10    3.6292E+10    3.2407E+10    3.7622E+10
  8.9125E-04    2.9155E+10    2.8222E+10    3.0013E+10    2.6683E+10    3.1091E+10
  1.0000E-03    2.4071E+10    2.3383E+10    2.4720E+10    2.1803E+10    2.5583E+10
  1.1220E-03    1.9823E+10    1.9316E+10    2.0387E+10    1.7775E+10    2.0962E+10
  1.2589E-03    1.6299E+10    1.5905E+10    1.6691E+10    1.4460E+10    1.7104E+10
  1.4125E-03    1.3326E+10    1.3051E+10    1.3594E+10    1.1735E+10    1.3942E+10
  1.5849E-03    1.0862E+10    1.0605E+10    1.1069E+10    9.5011E+09    1.1332E+10
  1.7783E-03    8.8145E+09    8.5792E+09    8.9777E+09    7.6719E+09    9.1729E+09
  1.9953E-03    7.0835E+09    6.9131E+09    7.2510E+09    6.1773E+09    7.3937E+09
  2.2387E-03    5.7007E+09    5.5662E+09    5.8310E+09    4.9584E+09    5.9333E+09
  2.5119E-03    4.5575E+09    4.4424E+09    4.6678E+09    3.9667E+09    4.7397E+09
  2.8184E-03    3.6392E+09    3.5277E+09    3.7191E+09    3.1621E+09    3.7716E+09
  3.1623E-03    2.8903E+09    2.7947E+09    2.9489E+09    2.5113E+09    2.9887E+09
  3.5481E-03    2.2811E+09    2.2041E+09    2.3266E+09    1.9866E+09    2.3599E+09
  3.9811E-03    1.7932E+09    1.7306E+09    1.8265E+09    1.5653E+09    1.8556E+09
  4.4668E-03    1.4005E+09    1.3527E+09    1.4266E+09    1.2283E+09    1.4510E+09
  5.0119E-03    1.0882E+09    1.0527E+09    1.1087E+09    9.5982E+08    1.1285E+09
  5.6234E-03    8.4421E+08    8.1558E+08    8.5736E+08    7.4697E+08    8.7287E+08
  6.3096E-03    6.5072E+08    6.2919E+08    6.5960E+08    5.7894E+08    6.7163E+08
  7.0795E-03    5.0051E+08    4.8276E+08    5.0611E+08    4.4691E+08    5.1415E+08
  7.9433E-03    3.8227E+08    3.6901E+08    3.8660E+08    3.4363E+08    3.9168E+08
  8.9125E-03    2.9072E+08    2.8105E+08    2.9509E+08    2.6320E+08    2.9701E+08
  1.0000E-02    2.1986E+08    2.1332E+08    2.2422E+08    2.0086E+08    2.2553E+08
  1.1220E-02    1.6556E+08    1.6139E+08    1.6938E+08    1.5273E+08    1.7080E+08
  1.2589E-02    1.2420E+08    1.2152E+08    1.2755E+08    1.1531E+08    1.2889E+08
  1.4125E-02    9.3325E+07    9.0932E+07    9.5698E+07    8.6431E+07    9.6953E+07
  1.5849E-02    6.9858E+07    6.7991E+07    7.1585E+07    6.4637E+07    7.2705E+07
  1.7783E-02    5.1997E+07    5.0661E+07    5.3406E+07    4.8241E+07    5.4367E+07
  1.9953E-02    3.8616E+07    3.7675E+07    3.9752E+07    3.5940E+07    4.0548E+07
  2.2387E-02    2.8718E+07    2.7975E+07    2.9533E+07    2.6736E+07    3.0171E+07
  2.5119E-02    2.1266E+07    2.0745E+07    2.1906E+07    1.9864E+07    2.2401E+07
  2.8184E-02    1.5792E+07    1.5366E+07    1.6228E+07    1.4742E+07    1.6601E+07
  3.1623E-02    1.1710E+07    1.1392E+07    1.2011E+07    1.0931E+07    1.2282E+07
  3.5481E-02    8.6570E+06    8.4347E+06    8.8829E+06    8.0989E+06    9.0732E+06
  3.9811E-02    6.3629E+06    6.2194E+06    6.5534E+06    5.9973E+06    6.6944E+06
  4.4668E-02    4.6722E+06    4.5968E+06    4.8168E+06    4.4389E+06    4.9340E+06
  5.0119E-02    3.4282E+06    3.3908E+06    3.5369E+06    3.2844E+06    3.6334E+06
  5.6234E-02    2.5181E+06    2.5007E+06    2.6097E+06    2.4295E+06    2.6759E+06
  6.3096E-02    1.8586E+06    1.8419E+06    1.9269E+06    1.7969E+06    1.9702E+06
  7.0795E-02    1.3719E+06    1.3509E+06    1.4225E+06    1.3272E+06    1.4503E+06
  7.9433E-02    1.0133E+06    9.9019E+05    1.0500E+06    9.7812E+05    1.0696E+06
  8.9125E-02    7.4915E+05    7.2693E+05    7.7506E+05    7.2097E+05    7.9082E+05
  1.0000E-01    5.5236E+05    5.3770E+05    5.7213E+05    5.3121E+05    5.8488E+05
  1.1220E-01    4.0807E+05    3.9632E+05    4.2227E+05    3.9048E+05    4.3268E+05
  1.2589E-01    3.0131E+05    2.9176E+05    3.1053E+05    2.8658E+05    3.2019E+05
  1.4125E-01    2.2150E+05    2.1489E+05    2.2874E+05    2.1045E+05    2.3703E+05
  1.5849E-01    1.6321E+05    1.5835E+05    1.6887E+05    1.5463E+05    1.7552E+05
  1.7783E-01    1.2073E+05    1.1675E+05    1.2471E+05    1.1369E+05    1.3001E+05
  1.9953E-01    8.9358E+04    8.6084E+04    9.2151E+04    8.3656E+04    9.6336E+04
  2.2387E-01    6.6168E+04    6.3495E+04    6.8117E+04    6.1596E+04    7.1409E+04
  2.5119E-01    4.9013E+04    4.6775E+04    5.0373E+04    4.5386E+04    5.2948E+04
  2.8184E-01    3.6324E+04    3.4506E+04    3.7272E+04    3.3470E+04    3.9277E+04
  3.1623E-01    2.6935E+04    2.5544E+04    2.7593E+04    2.4701E+04    2.9146E+04
  3.5481E-01    1.9964E+04    1.8920E+04    2.0482E+04    1.8243E+04    2.1637E+04
  3.9811E-01    1.4762E+04    1.4020E+04    1.5172E+04    1.3482E+04    1.6068E+04
  4.4668E-01    1.0966E+04    1.0396E+04    1.1243E+04    9.9712E+03    1.1935E+04
  5.0119E-01    8.1521E+03    7.7136E+03    8.3368E+03    7.3803E+03    8.8704E+03
  5.6234E-01    6.0619E+03    5.7220E+03    6.1851E+03    5.4662E+03    6.5943E+03
  6.3096E-01    4.5101E+03    4.2360E+03    4.5913E+03    4.0512E+03    4.9043E+03
  7.0795E-01    3.3556E+03    3.1379E+03    3.4098E+03    3.0039E+03    3.6485E+03
  7.9433E-01    2.4973E+03    2.3258E+03    2.5342E+03    2.2289E+03    2.7152E+03
  8.9125E-01    1.8566E+03    1.7249E+03    1.8844E+03    1.6548E+03    2.0214E+03
  1.0000E+00    1.3809E+03    1.2800E+03    1.4024E+03    1.2293E+03    1.5053E+03
  1.1220E+00    1.0277E+03    9.5031E+02    1.0449E+03    9.1367E+02    1.1214E+03
  1.2589E+00    7.6518E+02    7.0593E+02    7.7871E+02    6.7947E+02    8.3558E+02
  1.4125E+00    5.6994E+02    5.2463E+02    5.8068E+02    5.0548E+02    6.2290E+02
  1.5849E+00    4.2452E+02    3.9006E+02    4.3291E+02    3.7610E+02    4.6434E+02
  1.7783E+00    3.1633E+02    2.9014E+02    3.2279E+02    2.7995E+02    3.4626E+02
  1.9953E+00    2.3585E+02    2.1591E+02    2.4080E+02    2.0849E+02    2.5826E+02
  2.2387E+00    1.7593E+02    1.6073E+02    1.7971E+02    1.5533E+02    1.9269E+02
  2.5119E+00    1.3128E+02    1.1969E+02    1.3413E+02    1.1575E+02    1.4378E+02
  2.8184E+00    9.8013E+01    8.9161E+01    1.0015E+02    8.6295E+01    1.0731E+02
  3.1623E+00    7.3211E+01    6.6439E+01    7.4804E+01    6.4355E+01    8.0110E+01
  3.5481E+00    5.4712E+01    4.9523E+01    5.5890E+01    4.8010E+01    5.9811E+01
  3.9811E+00    4.0906E+01    3.6921E+01    4.1775E+01    3.5824E+01    4.4667E+01
  4.4668E+00    3.0594E+01    2.7533E+01    3.1229E+01    2.6720E+01    3.3357E+01
  5.0119E+00    2.2891E+01    2.0534E+01    2.3359E+01    1.9919E+01    2.4919E+01
  5.6234E+00    1.7127E+01    1.5315E+01    1.7474E+01    1.4850E+01    1.8614E+01
  6.3096E+00    1.2809E+01    1.1421E+01    1.3075E+01    1.1066E+01    1.3908E+01
  7.0795E+00    9.5704E+00    8.5143E+00    9.7736E+00    8.2444E+00    1.0387E+01
  7.9433E+00    7.1476E+00    6.3444E+00    7.3069E+00    6.1375E+00    7.7587E+00
  8.9125E+00    5.3322E+00    4.7236E+00    5.4610E+00    4.5647E+00    5.7936E+00
  1.0000E+01    3.9706E+00    3.5127E+00    4.0760E+00    3.3902E+00    4.3235E+00
  1.1220E+01    2.9502E+00    2.6080E+00    3.0375E+00    2.5137E+00    3.2235E+00
  1.2589E+01    2.1858E+00    1.9325E+00    2.2577E+00    1.8599E+00    2.3999E+00
  1.4125E+01    1.6142E+00    1.4285E+00    1.6730E+00    1.3727E+00    1.7834E+00
  1.5849E+01    1.1873E+00    1.0528E+00    1.2346E+00    1.0104E+00    1.3217E+00
  1.7783E+01    8.6959E-01    7.7312E-01    9.0420E-01    7.3731E-01    9.7612E-01
  1.9953E+01    6.3275E-01    5.6537E-01    6.5788E-01    5.3507E-01    7.1785E-01
  2.2387E+01    4.5789E-01    4.1146E-01    4.7625E-01    3.8615E-01    5.2521E-01
  2.5119E+01    3.2965E-01    2.9779E-01    3.4315E-01    2.7718E-01    3.8205E-01
  2.8184E+01    2.3620E-01    2.1422E-01    2.4620E-01    1.9800E-01    2.7613E-01
  3.1623E+01    1.6859E-01    1.5292E-01    1.7604E-01    1.4089E-01    1.9831E-01
  3.5481E+01    1.2001E-01    1.0864E-01    1.2559E-01    9.9982E-02    1.4152E-01
  3.9811E+01    8.5185E-02    7.6711E-02    8.9453E-02    7.0844E-02    1.0044E-01
  4.4668E+01    6.0171E-02    5.3855E-02    6.3673E-02    5.0194E-02    7.0969E-02
  5.0119E+01    4.2521E-02    3.7690E-02    4.5334E-02    3.5614E-02    5.0019E-02
  5.6234E+01    3.0105E-02    2.6368E-02    3.2228E-02    2.5188E-02    3.5245E-02
  6.3096E+01    2.1366E-02    1.8496E-02    2.2926E-02    1.7841E-02    2.4892E-02
  7.0795E+01    1.5216E-02    1.3051E-02    1.6309E-02    1.2560E-02    1.7640E-02
  7.9433E+01    1.0909E-02    9.2836E-03    1.1602E-02    8.8442E-03    1.2566E-02
  8.9125E+01    7.8075E-03    6.6570E-03    8.2257E-03    6.2738E-03    8.9863E-03
