# Differential number counts predicted by the model of Bethermin, Dole, Lagache, Le Borgne and Penin (2010, submitted to A&A)
# This file contains the prediction for Herschel SPIRE 500 um
# column 1: S (in Jy)
# column 2: median dN/dS (gal/Jy/sr)
# column 3: 1-sigma inf dN/dS (gal/Jy/sr)
# column 4: 1-sigma sup dN/dS (gal/Jy/sr)
# column 5: 2-sigma inf dN/dS (gal/Jy/sr)
# column 6: 2-sigma sup dN/dS (gal/Jy/sr)
# WARNING: Due to the grid in redshift, there is an artficial deviation from the euclidian behavior at very high flux (S>1Jy). Use the model in this regime with caution.
# desc: flux@@float dnds_median@@float dnds_inf1@@float dnds_sup1@@float dnds_inf2@@float dnds_sup2@@float
  1.0000E-08    4.5253E+16    1.4241E+16    1.0549E+17    2.9329E+15    1.6972E+17
  1.1220E-08    3.9599E+16    1.2625E+16    9.1552E+16    2.6568E+15    1.4656E+17
  1.2589E-08    3.4651E+16    1.1192E+16    7.9457E+16    2.4067E+15    1.2656E+17
  1.4125E-08    3.0321E+16    9.9216E+15    6.8960E+16    2.1801E+15    1.0929E+17
  1.5849E-08    2.6532E+16    8.7956E+15    5.9849E+16    1.9749E+15    9.4379E+16
  1.7783E-08    2.3217E+16    7.7972E+15    5.1942E+16    1.7889E+15    8.1501E+16
  1.9953E-08    2.0316E+16    6.9123E+15    4.5079E+16    1.6205E+15    7.0381E+16
  2.2387E-08    1.7786E+16    6.1278E+15    3.9124E+16    1.4679E+15    6.0784E+16
  2.5119E-08    1.5571E+16    5.4323E+15    3.3958E+16    1.3298E+15    5.2494E+16
  2.8184E-08    1.3636E+16    4.8172E+15    2.9474E+16    1.2046E+15    4.5334E+16
  3.1623E-08    1.1940E+16    4.2713E+15    2.5583E+16    1.0916E+15    3.9151E+16
  3.5481E-08    1.0454E+16    3.7870E+15    2.2205E+16    9.8894E+14    3.3811E+16
  3.9811E-08    9.1530E+15    3.3576E+15    1.9273E+16    8.9592E+14    2.9199E+16
  4.4668E-08    8.0138E+15    2.9768E+15    1.6728E+16    8.1163E+14    2.5216E+16
  5.0119E-08    7.0163E+15    2.6391E+15    1.4519E+16    7.3525E+14    2.1776E+16
  5.6234E-08    6.1429E+15    2.3397E+15    1.2601E+16    6.6606E+14    1.8805E+16
  6.3096E-08    5.3782E+15    2.0742E+15    1.0937E+16    6.0337E+14    1.6240E+16
  7.0795E-08    4.7087E+15    1.8389E+15    9.4923E+15    5.4657E+14    1.4024E+16
  7.9433E-08    4.1225E+15    1.6302E+15    8.2384E+15    4.9513E+14    1.2111E+16
  8.9125E-08    3.6092E+15    1.4452E+15    7.1501E+15    4.4852E+14    1.0458E+16
  1.0000E-07    3.1599E+15    1.2812E+15    6.2056E+15    4.0629E+14    9.0313E+15
  1.1220E-07    2.7665E+15    1.1358E+15    5.3858E+15    3.6804E+14    7.7991E+15
  1.2589E-07    2.4220E+15    1.0069E+15    4.6743E+15    3.3339E+14    6.7349E+15
  1.4125E-07    2.1205E+15    8.9258E+14    4.0568E+15    3.0200E+14    5.8160E+15
  1.5849E-07    1.8565E+15    7.9128E+14    3.5208E+15    2.7357E+14    5.0224E+15
  1.7783E-07    1.6254E+15    7.0146E+14    3.0557E+15    2.4781E+14    4.3371E+15
  1.9953E-07    1.4230E+15    6.2184E+14    2.6520E+15    2.2448E+14    3.7453E+15
  2.2387E-07    1.2458E+15    5.5126E+14    2.3016E+15    2.0334E+14    3.2342E+15
  2.5119E-07    1.0907E+15    4.8869E+14    1.9975E+15    1.8419E+14    2.7929E+15
  2.8184E-07    9.5489E+14    4.3322E+14    1.7336E+15    1.6685E+14    2.4118E+15
  3.1623E-07    8.3600E+14    3.8404E+14    1.5045E+15    1.5114E+14    2.0827E+15
  3.5481E-07    7.3191E+14    3.4045E+14    1.3058E+15    1.3691E+14    1.7985E+15
  3.9811E-07    6.4078E+14    3.0181E+14    1.1332E+15    1.2402E+14    1.5531E+15
  4.4668E-07    5.6099E+14    2.6755E+14    9.8352E+14    1.1234E+14    1.3412E+15
  5.0119E-07    4.9114E+14    2.3718E+14    8.5358E+14    1.0176E+14    1.1582E+15
  5.6234E-07    4.2999E+14    2.1026E+14    7.4080E+14    9.2178E+13    1.0002E+15
  6.3096E-07    3.7645E+14    1.8639E+14    6.4293E+14    8.3497E+13    8.6368E+14
  7.0795E-07    3.2958E+14    1.6523E+14    5.5798E+14    7.5634E+13    7.4583E+14
  7.9433E-07    2.8854E+14    1.4648E+14    4.8456E+14    6.8511E+13    6.4406E+14
  8.9125E-07    2.5261E+14    1.2985E+14    4.2121E+14    6.2058E+13    5.5618E+14
  1.0000E-06    2.2116E+14    1.1511E+14    3.6615E+14    5.6213E+13    4.8028E+14
  1.1220E-06    1.9362E+14    1.0205E+14    3.1828E+14    5.0918E+13    4.1475E+14
  1.2589E-06    1.6952E+14    9.1252E+13    2.7667E+14    4.6122E+13    3.5816E+14
  1.4125E-06    1.4841E+14    8.2336E+13    2.4050E+14    4.1776E+13    3.0928E+14
  1.5849E-06    1.2993E+14    7.3627E+13    2.0906E+14    3.7840E+13    2.6708E+14
  1.7783E-06    1.1375E+14    6.4998E+13    1.8173E+14    3.4274E+13    2.3064E+14
  1.9953E-06    9.9589E+13    5.7381E+13    1.5798E+14    3.1043E+13    1.9917E+14
  2.2387E-06    8.7189E+13    5.0656E+13    1.3732E+14    2.8117E+13    1.7199E+14
  2.5119E-06    7.6333E+13    4.4720E+13    1.1937E+14    2.5465E+13    1.4852E+14
  2.8184E-06    6.6829E+13    3.9479E+13    1.0377E+14    2.3063E+13    1.2826E+14
  3.1623E-06    5.8508E+13    3.4852E+13    9.0202E+13    2.0886E+13    1.1075E+14
  3.5481E-06    5.1223E+13    3.0767E+13    7.8410E+13    1.8914E+13    9.5642E+13
  3.9811E-06    4.4845E+13    2.7162E+13    6.8160E+13    1.7127E+13    8.2591E+13
  4.4668E-06    3.9261E+13    2.4034E+13    5.9250E+13    1.5508E+13    7.1322E+13
  5.0119E-06    3.4373E+13    2.1305E+13    5.1505E+13    1.4041E+13    6.1590E+13
  5.6234E-06    3.0093E+13    1.8886E+13    4.4772E+13    1.2711E+13    5.3186E+13
  6.3096E-06    2.6346E+13    1.6741E+13    3.8920E+13    1.1438E+13    4.5928E+13
  7.0795E-06    2.3065E+13    1.4840E+13    3.3832E+13    1.0181E+13    3.9661E+13
  7.9433E-06    2.0193E+13    1.3154E+13    2.9410E+13    9.0634E+12    3.4249E+13
  8.9125E-06    1.7679E+13    1.1659E+13    2.5566E+13    8.0682E+12    2.9576E+13
  1.0000E-05    1.5459E+13    1.0333E+13    2.2224E+13    7.1821E+12    2.5540E+13
  1.1220E-05    1.3516E+13    9.1579E+12    1.9319E+13    6.3932E+12    2.2055E+13
  1.2589E-05    1.1817E+13    8.1158E+12    1.6793E+13    5.6909E+12    1.9045E+13
  1.4125E-05    1.0332E+13    7.1918E+12    1.4598E+13    5.0657E+12    1.6446E+13
  1.5849E-05    9.0402E+12    6.3725E+12    1.2690E+13    4.5092E+12    1.4201E+13
  1.7783E-05    7.9587E+12    5.6461E+12    1.1031E+13    4.0137E+12    1.2282E+13
  1.9953E-05    6.9672E+12    5.0020E+12    9.5888E+12    3.5727E+12    1.0659E+13
  2.2387E-05    6.0990E+12    4.4309E+12    8.3353E+12    3.1801E+12    9.2498E+12
  2.5119E-05    5.3389E+12    3.9245E+12    7.2456E+12    2.8306E+12    8.0267E+12
  2.8184E-05    4.6734E+12    3.4757E+12    6.2984E+12    2.5195E+12    6.9650E+12
  3.1623E-05    4.0907E+12    3.0778E+12    5.4750E+12    2.2426E+12    6.0433E+12
  3.5481E-05    3.5806E+12    2.7253E+12    4.7594E+12    1.9961E+12    5.2433E+12
  3.9811E-05    3.1340E+12    2.4129E+12    4.1374E+12    1.7768E+12    4.5488E+12
  4.4668E-05    2.7410E+12    2.1363E+12    3.5968E+12    1.5817E+12    3.9458E+12
  5.0119E-05    2.3931E+12    1.8914E+12    3.1269E+12    1.4081E+12    3.4223E+12
  5.6234E-05    2.0960E+12    1.6747E+12    2.7186E+12    1.2536E+12    2.9679E+12
  6.3096E-05    1.8392E+12    1.4830E+12    2.3639E+12    1.1162E+12    2.5733E+12
  7.0795E-05    1.6098E+12    1.3136E+12    2.0556E+12    9.9412E+11    2.2308E+12
  7.9433E-05    1.4091E+12    1.1639E+12    1.7879E+12    8.8555E+11    1.9334E+12
  8.9125E-05    1.2339E+12    1.0318E+12    1.5553E+12    7.8906E+11    1.6754E+12
  1.0000E-04    1.0875E+12    9.1517E+11    1.3533E+12    7.0331E+11    1.4515E+12
  1.1220E-04    9.5935E+11    8.1232E+11    1.1723E+12    6.2714E+11    1.2573E+12
  1.2589E-04    8.4702E+11    7.2164E+11    1.0131E+12    5.5949E+11    1.0890E+12
  1.4125E-04    7.4854E+11    6.4169E+11    8.7582E+11    4.9943E+11    9.4316E+11
  1.5849E-04    6.6213E+11    5.7121E+11    7.6052E+11    4.4611E+11    8.1691E+11
  1.7783E-04    5.8623E+11    5.0904E+11    6.6012E+11    3.9878E+11    7.0768E+11
  1.9953E-04    5.1879E+11    4.5417E+11    5.7211E+11    3.5677E+11    6.1323E+11
  2.2387E-04    4.5267E+11    4.0554E+11    4.9617E+11    3.1945E+11    5.3160E+11
  2.5119E-04    3.9536E+11    3.5863E+11    4.3067E+11    2.8629E+11    4.6110E+11
  2.8184E-04    3.4570E+11    3.1945E+11    3.7419E+11    2.5679E+11    4.0504E+11
  3.1623E-04    3.0263E+11    2.8294E+11    3.3192E+11    2.3050E+11    3.5753E+11
  3.5481E-04    2.6527E+11    2.5083E+11    2.9485E+11    2.0704E+11    3.1561E+11
  3.9811E-04    2.3338E+11    2.2255E+11    2.6177E+11    1.8604E+11    2.7854E+11
  4.4668E-04    2.0888E+11    1.9759E+11    2.2914E+11    1.6718E+11    2.4568E+11
  5.0119E-04    1.8497E+11    1.7535E+11    1.9984E+11    1.5014E+11    2.1649E+11
  5.6234E-04    1.6245E+11    1.5485E+11    1.7447E+11    1.3470E+11    1.9050E+11
  6.3096E-04    1.4426E+11    1.3663E+11    1.5247E+11    1.2065E+11    1.6732E+11
  7.0795E-04    1.2700E+11    1.2074E+11    1.3335E+11    1.0780E+11    1.4660E+11
  7.9433E-04    1.1092E+11    1.0641E+11    1.1666E+11    9.6037E+10    1.2805E+11
  8.9125E-04    9.6592E+10    9.2797E+10    1.0203E+11    8.5217E+10    1.1139E+11
  1.0000E-03    8.3799E+10    8.0500E+10    8.9131E+10    7.5248E+10    9.6444E+10
  1.1220E-03    7.3323E+10    6.9334E+10    7.7677E+10    6.6062E+10    8.3024E+10
  1.2589E-03    6.3884E+10    5.9351E+10    6.7435E+10    5.7607E+10    7.0994E+10
  1.4125E-03    5.5009E+10    5.0849E+10    5.7077E+10    4.7665E+10    6.0246E+10
  1.5849E-03    4.6653E+10    4.2775E+10    4.8523E+10    3.8951E+10    5.0695E+10
  1.7783E-03    3.9235E+10    3.6255E+10    4.1524E+10    3.1478E+10    4.2692E+10
  1.9953E-03    3.2520E+10    3.0185E+10    3.4881E+10    2.5147E+10    3.5762E+10
  2.2387E-03    2.6559E+10    2.4884E+10    2.8755E+10    1.9852E+10    2.9683E+10
  2.5119E-03    2.1714E+10    2.0168E+10    2.3812E+10    1.5482E+10    2.4670E+10
  2.8184E-03    1.7482E+10    1.5893E+10    1.9495E+10    1.1923E+10    2.0330E+10
  3.1623E-03    1.4008E+10    1.2355E+10    1.5772E+10    9.0657E+09    1.6575E+10
  3.5481E-03    1.1031E+10    9.5717E+09    1.2501E+10    6.8034E+09    1.3365E+10
  3.9811E-03    8.5963E+09    7.3984E+09    9.7214E+09    5.0380E+09    1.0653E+10
  4.4668E-03    6.5553E+09    5.6505E+09    7.4438E+09    3.6805E+09    8.3921E+09
  5.0119E-03    4.9020E+09    4.2632E+09    5.6085E+09    2.6518E+09    6.5314E+09
  5.6234E-03    3.6400E+09    3.1770E+09    4.1554E+09    1.8840E+09    5.0204E+09
  6.3096E-03    2.6998E+09    2.3378E+09    3.0260E+09    1.3196E+09    3.8100E+09
  7.0795E-03    1.9754E+09    1.6828E+09    2.2387E+09    9.1116E+08    2.8536E+09
  7.9433E-03    1.3997E+09    1.1855E+09    1.6409E+09    6.2006E+08    2.1085E+09
  8.9125E-03    9.7734E+08    8.2289E+08    1.1872E+09    4.1581E+08    1.5363E+09
  1.0000E-02    6.7270E+08    5.6266E+08    8.4750E+08    2.7478E+08    1.1033E+09
  1.1220E-02    4.5657E+08    3.7889E+08    5.9673E+08    1.7893E+08    7.8067E+08
  1.2589E-02    3.0569E+08    2.5127E+08    4.1271E+08    1.1482E+08    5.4404E+08
  1.4125E-02    2.0206E+08    1.6410E+08    2.7972E+08    7.2675E+07    3.7324E+08
  1.5849E-02    1.3181E+08    1.0556E+08    1.8921E+08    4.5386E+07    2.5199E+08
  1.7783E-02    8.4959E+07    6.6907E+07    1.2395E+08    2.7966E+07    1.6738E+08
  1.9953E-02    5.4136E+07    4.1819E+07    7.9000E+07    1.7018E+07    1.0937E+08
  2.2387E-02    3.3902E+07    2.5781E+07    4.9504E+07    1.0244E+07    7.0296E+07
  2.5119E-02    2.0929E+07    1.5691E+07    3.0496E+07    6.1105E+06    4.4473E+07
  2.8184E-02    1.2750E+07    9.4447E+06    1.8476E+07    3.6197E+06    2.7697E+07
  3.1623E-02    7.7795E+06    5.6319E+06    1.1022E+07    2.1358E+06    1.6984E+07
  3.5481E-02    4.7407E+06    3.3343E+06    6.4876E+06    1.2605E+06    1.0267E+07
  3.9811E-02    2.8284E+06    1.9657E+06    3.7775E+06    7.4744E+05    6.1281E+06
  4.4668E-02    1.6789E+06    1.1583E+06    2.2030E+06    4.4729E+05    3.6193E+06
  5.0119E-02    1.0143E+06    6.8522E+05    1.2889E+06    2.7137E+05    2.1208E+06
  5.6234E-02    6.1436E+05    4.0871E+05    7.5603E+05    1.6757E+05    1.2378E+06
  6.3096E-02    3.7418E+05    2.4679E+05    4.4679E+05    1.0562E+05    7.2287E+05
  7.0795E-02    2.2915E+05    1.5135E+05    2.6738E+05    6.8022E+04    4.2463E+05
  7.9433E-02    1.4078E+05    9.4623E+04    1.6295E+05    4.4765E+04    2.5221E+05
  8.9125E-02    8.9860E+04    6.0403E+04    1.0152E+05    3.0049E+04    1.5225E+05
  1.0000E-01    5.7838E+04    3.9388E+04    6.4776E+04    2.0514E+04    9.3803E+04
  1.1220E-01    3.7308E+04    2.6212E+04    4.2333E+04    1.4212E+04    5.9138E+04
  1.2589E-01    2.4456E+04    1.7758E+04    2.8358E+04    9.9647E+03    3.8177E+04
  1.4125E-01    1.6297E+04    1.2223E+04    1.9270E+04    7.0507E+03    2.5215E+04
  1.5849E-01    1.1061E+04    8.5269E+03    1.3390E+04    5.0264E+03    1.6993E+04
  1.7783E-01    7.7994E+03    6.0127E+03    9.4377E+03    3.6062E+03    1.1646E+04
  1.9953E-01    5.4703E+03    4.2776E+03    6.7136E+03    2.6002E+03    8.0950E+03
  2.2387E-01    3.8643E+03    3.0854E+03    4.7676E+03    1.8823E+03    5.6897E+03
  2.5119E-01    2.7536E+03    2.2339E+03    3.3749E+03    1.3679E+03    4.0326E+03
  2.8184E-01    1.9760E+03    1.6224E+03    2.4342E+03    9.9763E+02    2.8779E+03
  3.1623E-01    1.4261E+03    1.1822E+03    1.7623E+03    7.3022E+02    2.0657E+03
  3.5481E-01    1.0347E+03    8.6434E+02    1.2801E+03    5.3566E+02    1.4892E+03
  3.9811E-01    7.5358E+02    6.3411E+02    9.3283E+02    3.9350E+02    1.0775E+03
  4.4668E-01    5.5216E+02    4.6568E+02    6.8181E+02    2.8983E+02    7.8252E+02
  5.0119E-01    4.0580E+02    3.4240E+02    4.9960E+02    2.1400E+02    5.7019E+02
  5.6234E-01    2.9878E+02    2.5236E+02    3.6660E+02    1.5831E+02    4.1684E+02
  6.3096E-01    2.2048E+02    1.8639E+02    2.6944E+02    1.1728E+02    3.0531E+02
  7.0795E-01    1.6304E+02    1.3789E+02    1.9847E+02    8.7066E+01    2.2397E+02
  7.9433E-01    1.2074E+02    1.0214E+02    1.4645E+02    6.4655E+01    1.6475E+02
  8.9125E-01    8.9534E+01    7.5805E+01    1.0822E+02    4.7986E+01    1.2150E+02
  1.0000E+00    6.6489E+01    5.6281E+01    8.0119E+01    3.5627E+01    8.9777E+01
  1.1220E+00    4.9384E+01    4.1776E+01    5.9404E+01    2.6434E+01    6.6466E+01
  1.2589E+00    3.6670E+01    3.1041E+01    4.4061E+01    1.9577E+01    4.9322E+01
  1.4125E+00    2.7250E+01    2.3072E+01    3.2703E+01    1.4444E+01    3.6627E+01
  1.5849E+00    2.0250E+01    1.7139E+01    2.4301E+01    1.0596E+01    2.7215E+01
  1.7783E+00    1.5034E+01    1.2705E+01    1.8064E+01    7.7237E+00    2.0249E+01
  1.9953E+00    1.1135E+01    9.3812E+00    1.3419E+01    5.5850E+00    1.5070E+01
  2.2387E+00    8.2167E+00    6.8882E+00    9.9455E+00    3.9971E+00    1.1205E+01
  2.5119E+00    6.0358E+00    5.0165E+00    7.3449E+00    2.8260E+00    8.3064E+00
  2.8184E+00    4.4063E+00    3.6223E+00    5.3994E+00    1.9744E+00    6.1271E+00
  3.1623E+00    3.1897E+00    2.5878E+00    3.9428E+00    1.3562E+00    4.4933E+00
  3.5481E+00    2.2858E+00    1.8272E+00    2.8534E+00    9.1340E-01    3.2691E+00
  3.9811E+00    1.6197E+00    1.2728E+00    2.0440E+00    6.0490E-01    2.3537E+00
  4.4668E+00    1.1428E+00    8.7077E-01    1.4458E+00    3.9350E-01    1.6741E+00
  5.0119E+00    8.0364E-01    5.8498E-01    1.0054E+00    2.5112E-01    1.1754E+00
  5.6234E+00    5.5759E-01    3.8556E-01    6.8702E-01    1.5701E-01    8.1031E-01
  6.3096E+00    3.6737E-01    2.4816E-01    4.6746E-01    9.6160E-02    5.4775E-01
  7.0795E+00    2.3575E-01    1.5618E-01    3.0785E-01    5.7696E-02    3.6383E-01
  7.9433E+00    1.4808E-01    9.6050E-02    1.9878E-01    3.3906E-02    2.3711E-01
  8.9125E+00    9.1391E-02    5.7719E-02    1.2569E-01    1.9519E-02    1.5140E-01
  1.0000E+01    5.7143E-02    3.3874E-02    7.7785E-02    1.1007E-02    9.6956E-02
  1.1220E+01    3.5118E-02    1.9415E-02    4.7112E-02    6.0841E-03    6.1942E-02
  1.2589E+01    2.1210E-02    1.0866E-02    2.7914E-02    3.2976E-03    3.8630E-02
  1.4125E+01    1.2587E-02    5.9413E-03    1.6178E-02    1.7531E-03    2.3480E-02
  1.5849E+01    7.3419E-03    3.1752E-03    9.1708E-03    9.1480E-04    1.3900E-02
  1.7783E+01    4.2096E-03    1.6590E-03    5.0867E-03    4.6872E-04    8.0102E-03
  1.9953E+01    2.3727E-03    8.6427E-04    2.7616E-03    2.3596E-04    4.4930E-03
  2.2387E+01    1.2759E-03    4.4783E-04    1.4501E-03    1.1677E-04    2.4549E-03
  2.5119E+01    6.5775E-04    2.2804E-04    7.5309E-04    5.6830E-05    1.3077E-03
  2.8184E+01    3.3099E-04    1.1417E-04    3.8460E-04    2.7215E-05    6.8015E-04
  3.1623E+01    1.6321E-04    5.6217E-05    2.0071E-04    1.2829E-05    3.4596E-04
  3.5481E+01    7.8345E-05    2.7233E-05    1.0498E-04    5.9547E-06    1.7235E-04
  3.9811E+01    3.7092E-05    1.2984E-05    5.4046E-05    2.7223E-06    8.4242E-05
  4.4668E+01    1.7231E-05    6.0937E-06    2.7263E-05    1.2264E-06    4.0458E-05
  5.0119E+01    7.8587E-06    2.8160E-06    1.3553E-05    5.4457E-07    1.9112E-05
  5.6234E+01    3.5206E-06    1.2817E-06    6.2847E-06    2.3836E-07    8.8891E-06
  6.3096E+01    1.5501E-06    5.7473E-07    2.8241E-06    1.0288E-07    4.0765E-06
  7.0795E+01    6.7104E-07    2.5392E-07    1.2465E-06    4.3781E-08    1.8445E-06
  7.9433E+01    2.8572E-07    1.1055E-07    5.4057E-07    1.8612E-08    8.2385E-07
  8.9125E+01    1.1969E-07    4.7439E-08    2.3041E-07    7.9125E-09    3.6366E-07
