####################
#Euclidean normalized differential source counts at 408 MHz from the model in Massardi et al. (2010).
# col. 1 =      log(S [Jy])
# col. 2 =      S^2.5dN/dS[Jy^1.5/sr] (sum of all the populations)
# col. 3 =      source counts for FSRQs	
# col. 4 =      source counts for BLLacs	
# col. 5 =      source counts for steep-spectrum objects	
##################
# desc: logs@@float dnds_total@@float dnds_fsrq@@float dnds_bllacs@@float dnds_steep@@float
         -6.000      0.163E-01      0.304E-03      0.598E-02      0.100E-01
         -5.920      0.192E-01      0.349E-03      0.691E-02      0.119E-01
         -5.840      0.226E-01      0.400E-03      0.799E-02      0.142E-01
         -5.760      0.266E-01      0.459E-03      0.922E-02      0.169E-01
         -5.680      0.313E-01      0.526E-03      0.107E-01      0.201E-01
         -5.600      0.368E-01      0.603E-03      0.123E-01      0.239E-01
         -5.520      0.434E-01      0.691E-03      0.142E-01      0.285E-01
         -5.440      0.511E-01      0.792E-03      0.164E-01      0.339E-01
         -5.360      0.601E-01      0.907E-03      0.189E-01      0.403E-01
         -5.280      0.708E-01      0.104E-02      0.218E-01      0.479E-01
         -5.200      0.836E-01      0.119E-02      0.252E-01      0.572E-01
         -5.120      0.986E-01      0.137E-02      0.291E-01      0.682E-01
         -5.040      0.116E+00      0.157E-02      0.335E-01      0.812E-01
         -4.960      0.137E+00      0.179E-02      0.387E-01      0.966E-01
         -4.880      0.162E+00      0.206E-02      0.446E-01      0.115E+00
         -4.800      0.191E+00      0.236E-02      0.515E-01      0.137E+00
         -4.720      0.225E+00      0.270E-02      0.594E-01      0.163E+00
         -4.640      0.265E+00      0.310E-02      0.685E-01      0.194E+00
         -4.560      0.314E+00      0.355E-02      0.790E-01      0.231E+00
         -4.480      0.371E+00      0.407E-02      0.910E-01      0.276E+00
         -4.400      0.438E+00      0.466E-02      0.105E+00      0.328E+00
         -4.320      0.517E+00      0.534E-02      0.121E+00      0.391E+00
         -4.240      0.611E+00      0.611E-02      0.139E+00      0.465E+00
         -4.160      0.722E+00      0.702E-02      0.160E+00      0.554E+00
         -4.080      0.853E+00      0.804E-02      0.185E+00      0.661E+00
         -4.000      0.101E+01      0.922E-02      0.213E+00      0.787E+00
         -3.920      0.119E+01      0.106E-01      0.245E+00      0.938E+00
         -3.840      0.141E+01      0.121E-01      0.282E+00      0.112E+01
         -3.760      0.167E+01      0.139E-01      0.324E+00      0.133E+01
         -3.680      0.197E+01      0.159E-01      0.372E+00      0.159E+01
         -3.600      0.234E+01      0.182E-01      0.428E+00      0.189E+01
         -3.520      0.277E+01      0.209E-01      0.491E+00      0.226E+01
         -3.440      0.328E+01      0.239E-01      0.564E+00      0.269E+01
         -3.360      0.389E+01      0.274E-01      0.647E+00      0.321E+01
         -3.280      0.461E+01      0.315E-01      0.741E+00      0.384E+01
         -3.200      0.546E+01      0.360E-01      0.849E+00      0.458E+01
         -3.120      0.648E+01      0.413E-01      0.971E+00      0.547E+01
         -3.040      0.768E+01      0.473E-01      0.111E+01      0.653E+01
         -2.960      0.912E+01      0.543E-01      0.127E+01      0.780E+01
         -2.880      0.108E+02      0.622E-01      0.144E+01      0.931E+01
         -2.800      0.128E+02      0.713E-01      0.164E+01      0.111E+02
         -2.720      0.152E+02      0.817E-01      0.187E+01      0.133E+02
         -2.640      0.181E+02      0.936E-01      0.212E+01      0.159E+02
         -2.560      0.216E+02      0.107E+00      0.240E+01      0.191E+02
         -2.480      0.256E+02      0.123E+00      0.272E+01      0.228E+02
         -2.400      0.305E+02      0.141E+00      0.307E+01      0.273E+02
         -2.320      0.362E+02      0.161E+00      0.345E+01      0.326E+02
         -2.240      0.430E+02      0.185E+00      0.387E+01      0.389E+02
         -2.160      0.510E+02      0.212E+00      0.434E+01      0.464E+02
         -2.080      0.602E+02      0.243E+00      0.484E+01      0.552E+02
         -2.000      0.713E+02      0.278E+00      0.538E+01      0.657E+02
         -1.920      0.844E+02      0.319E+00      0.597E+01      0.781E+02
         -1.840      0.998E+02      0.365E+00      0.660E+01      0.928E+02
         -1.760      0.118E+03      0.418E+00      0.727E+01      0.110E+03
         -1.680      0.139E+03      0.479E+00      0.798E+01      0.130E+03
         -1.600      0.163E+03      0.549E+00      0.872E+01      0.154E+03
         -1.520      0.192E+03      0.628E+00      0.951E+01      0.182E+03
         -1.440      0.224E+03      0.719E+00      0.103E+02      0.213E+03
         -1.360      0.260E+03      0.823E+00      0.112E+02      0.248E+03
         -1.280      0.302E+03      0.942E+00      0.120E+02      0.289E+03
         -1.200      0.348E+03      0.108E+01      0.129E+02      0.334E+03
         -1.120      0.399E+03      0.123E+01      0.139E+02      0.384E+03
         -1.040      0.456E+03      0.141E+01      0.148E+02      0.440E+03
         -0.960      0.519E+03      0.161E+01      0.158E+02      0.501E+03
         -0.880      0.584E+03      0.185E+01      0.167E+02      0.565E+03
         -0.800      0.658E+03      0.211E+01      0.177E+02      0.638E+03
         -0.720      0.734E+03      0.241E+01      0.187E+02      0.713E+03
         -0.640      0.813E+03      0.275E+01      0.196E+02      0.790E+03
         -0.560      0.893E+03      0.314E+01      0.206E+02      0.869E+03
         -0.480      0.973E+03      0.359E+01      0.216E+02      0.948E+03
         -0.400      0.105E+04      0.408E+01      0.225E+02      0.103E+04
         -0.320      0.113E+04      0.464E+01      0.234E+02      0.110E+04
         -0.240      0.120E+04      0.527E+01      0.244E+02      0.117E+04
         -0.160      0.127E+04      0.597E+01      0.253E+02      0.123E+04
         -0.080      0.132E+04      0.673E+01      0.261E+02      0.129E+04
          0.000      0.136E+04      0.758E+01      0.270E+02      0.133E+04
          0.080      0.140E+04      0.852E+01      0.278E+02      0.136E+04
          0.160      0.142E+04      0.948E+01      0.286E+02      0.138E+04
          0.240      0.143E+04      0.105E+02      0.294E+02      0.139E+04
          0.320      0.142E+04      0.116E+02      0.302E+02      0.138E+04
          0.400      0.140E+04      0.127E+02      0.310E+02      0.136E+04
          0.480      0.137E+04      0.138E+02      0.318E+02      0.133E+04
          0.560      0.134E+04      0.150E+02      0.326E+02      0.129E+04
          0.640      0.130E+04      0.163E+02      0.333E+02      0.125E+04
          0.720      0.125E+04      0.176E+02      0.341E+02      0.120E+04
          0.800      0.120E+04      0.188E+02      0.348E+02      0.115E+04
          0.880      0.116E+04      0.199E+02      0.356E+02      0.110E+04
          0.960      0.111E+04      0.208E+02      0.363E+02      0.105E+04
          1.040      0.105E+04      0.215E+02      0.370E+02      0.992E+03
          1.120      0.100E+04      0.217E+02      0.376E+02      0.941E+03
          1.200      0.950E+03      0.223E+02      0.382E+02      0.890E+03
          1.280      0.898E+03      0.227E+02      0.388E+02      0.837E+03
          1.360      0.845E+03      0.221E+02      0.394E+02      0.784E+03
          1.440      0.792E+03      0.212E+02      0.399E+02      0.731E+03
          1.520      0.740E+03      0.202E+02      0.404E+02      0.679E+03
          1.600      0.690E+03      0.191E+02      0.410E+02      0.630E+03
          1.680      0.647E+03      0.179E+02      0.415E+02      0.588E+03
          1.760      0.610E+03      0.167E+02      0.420E+02      0.551E+03
          1.840      0.574E+03      0.154E+02      0.425E+02      0.516E+03
          1.920      0.541E+03      0.141E+02      0.430E+02      0.484E+03
