#  log_10 of normalized differential counts per steradian [log(S^{5/2} dN/dS), S in Jy]  at  44.00 GHz
#          log S(Jy)    FSRQ        BL Lacs   flat total steep-spectrum     Total 
# desc: logs@@float dnds_fsrq@@float dnds_bllacs@@float dnds_flat@@float dnds_steep@@float dnds_total@@float
         -7.000       -4.148       -2.682       -2.668       -4.367       -2.659
         -6.900       -4.056       -2.619       -2.604       -4.266       -2.594
         -6.800       -3.967       -2.555       -2.539       -4.165       -2.529
         -6.700       -3.879       -2.494       -2.477       -4.066       -2.466
         -6.600       -3.792       -2.434       -2.416       -3.969       -2.404
         -6.500       -3.706       -2.376       -2.356       -3.872       -2.343
         -6.400       -3.620       -2.318       -2.297       -3.776       -2.282
         -6.300       -3.535       -2.260       -2.238       -3.681       -2.222
         -6.200       -3.450       -2.204       -2.180       -3.587       -2.163
         -6.100       -3.365       -2.148       -2.122       -3.493       -2.104
         -6.000       -3.280       -2.092       -2.065       -3.399       -2.045
         -5.900       -3.195       -2.038       -2.009       -3.306       -1.987
         -5.800       -3.111       -1.984       -1.952       -3.213       -1.929
         -5.700       -3.026       -1.930       -1.897       -3.119       -1.871
         -5.600       -2.942       -1.877       -1.841       -3.020       -1.813
         -5.500       -2.858       -1.824       -1.785       -2.927       -1.755
         -5.400       -2.773       -1.771       -1.730       -2.829       -1.697
         -5.300       -2.689       -1.719       -1.675       -2.728       -1.638
         -5.200       -2.605       -1.667       -1.620       -2.631       -1.580
         -5.100       -2.520       -1.616       -1.565       -2.525       -1.520
         -5.000       -2.436       -1.565       -1.510       -2.422       -1.460
         -4.900       -2.352       -1.514       -1.455       -2.318       -1.399
         -4.800       -2.268       -1.463       -1.400       -2.195       -1.335
         -4.700       -2.183       -1.413       -1.345       -2.080       -1.271
         -4.600       -2.099       -1.363       -1.290       -1.959       -1.205
         -4.500       -2.015       -1.313       -1.234       -1.823       -1.135
         -4.400       -1.931       -1.263       -1.179       -1.684       -1.061
         -4.300       -1.846       -1.214       -1.123       -1.540       -0.982
         -4.200       -1.762       -1.165       -1.067       -1.376       -0.894
         -4.100       -1.678       -1.116       -1.011       -1.206       -0.797
         -4.000       -1.594       -1.068       -0.955       -1.051       -0.699
         -3.900       -1.510       -1.020       -0.898       -0.927       -0.611
         -3.800       -1.425       -0.972       -0.841       -0.824       -0.531
         -3.700       -1.341       -0.924       -0.783       -0.730       -0.455
         -3.600       -1.257       -0.877       -0.725       -0.640       -0.380
         -3.500       -1.173       -0.830       -0.667       -0.552       -0.305
         -3.400       -1.089       -0.783       -0.608       -0.465       -0.230
         -3.300       -1.005       -0.736       -0.549       -0.381       -0.156
         -3.200       -0.921       -0.690       -0.489       -0.296       -0.081
         -3.100       -0.836       -0.644       -0.429       -0.213       -0.007
         -3.000       -0.752       -0.599       -0.368       -0.132        0.067
         -2.900       -0.668       -0.554       -0.306       -0.051        0.141
         -2.800       -0.584       -0.509       -0.244        0.028        0.214
         -2.700       -0.500       -0.464       -0.181        0.103        0.285
         -2.600       -0.416       -0.420       -0.117        0.177        0.355
         -2.500       -0.332       -0.377       -0.053        0.245        0.422
         -2.400       -0.248       -0.333        0.012        0.311        0.488
         -2.300       -0.164       -0.290        0.078        0.367        0.547
         -2.200       -0.081       -0.247        0.145        0.416        0.602
         -2.100        0.003       -0.205        0.212        0.454        0.651
         -2.000        0.087       -0.163        0.281        0.472        0.688
         -1.900        0.170       -0.122        0.349        0.461        0.710
         -1.800        0.253       -0.080        0.419        0.410        0.716
         -1.700        0.337       -0.039        0.489        0.362        0.731
         -1.600        0.419        0.001        0.560        0.325        0.759
         -1.500        0.502        0.041        0.631        0.295        0.796
         -1.400        0.584        0.081        0.703        0.267        0.838
         -1.300        0.666        0.120        0.775        0.242        0.886
         -1.200        0.747        0.159        0.847        0.215        0.938
         -1.100        0.827        0.197        0.919        0.189        0.993
         -1.000        0.906        0.236        0.990        0.167        1.051
         -0.900        0.984        0.273        1.061        0.142        1.111
         -0.800        1.060        0.311        1.131        0.121        1.172
         -0.700        1.134        0.348        1.199        0.100        1.233
         -0.600        1.204        0.384        1.265        0.080        1.293
         -0.500        1.270        0.421        1.328        0.061        1.350
         -0.400        1.331        0.457        1.385        0.046        1.405
         -0.300        1.384        0.492        1.436        0.030        1.453
         -0.200        1.428        0.528        1.479        0.014        1.494
         -0.100        1.461        0.562        1.512        0.003        1.525
          0.000        1.480        0.597        1.533       -0.010        1.545
          0.100        1.484        0.631        1.541       -0.020        1.553
          0.200        1.473        0.665        1.536       -0.028        1.548
          0.300        1.449        0.698        1.520       -0.036        1.532
          0.400        1.414        0.728        1.495       -0.044        1.507
          0.500        1.370        0.756        1.465       -0.050        1.478
          0.600        1.323        0.783        1.433       -0.056        1.447
          0.700        1.274        0.809        1.402       -0.061        1.416
          0.800        1.225        0.834        1.373       -0.069        1.389
          0.900        1.179        0.857        1.348       -0.072        1.364
          1.000        1.136        0.879        1.327       -0.076        1.344
          1.100        1.096        0.899        1.310       -0.079        1.327
          1.200        1.062        0.918        1.297       -0.083        1.314
          1.300        1.031        0.935        1.286       -0.086        1.304
          1.400        1.004        0.950        1.279       -0.089        1.297
          1.500        0.980        0.963        1.273       -0.092        1.291
          1.600        0.960        0.975        1.269       -0.093        1.287
          1.700        0.943        0.988        1.267       -0.094        1.286
          1.800        0.928        0.997        1.265       -0.095        1.283
          1.900        0.915        1.008        1.265       -0.096        1.283
          2.000        0.903        1.014        1.263       -0.097        1.282



