#  log_10 of normalized differential counts per steradian [log(S^{5/2} dN/dS), S in Jy]  at  30.00 GHz
#          log S(Jy)    FSRQ        BL Lacs   flat total steep-spectrum     Total 
# desc: logs@@float dnds_fsrq@@float dnds_bllacs@@float dnds_flat@@float dnds_steep@@float dnds_total@@float
         -7.000       -4.139       -2.669       -2.654       -4.298       -2.644
         -6.900       -4.047       -2.605       -2.589       -4.193       -2.579
         -6.800       -3.957       -2.540       -2.524       -4.092       -2.512
         -6.700       -3.869       -2.479       -2.462       -3.991       -2.449
         -6.600       -3.782       -2.419       -2.401       -3.891       -2.387
         -6.500       -3.695       -2.360       -2.341       -3.792       -2.326
         -6.400       -3.610       -2.302       -2.281       -3.694       -2.265
         -6.300       -3.524       -2.245       -2.222       -3.599       -2.205
         -6.200       -3.439       -2.188       -2.165       -3.504       -2.145
         -6.100       -3.354       -2.132       -2.107       -3.409       -2.086
         -6.000       -3.269       -2.076       -2.049       -3.315       -2.027
         -5.900       -3.185       -2.022       -1.993       -3.220       -1.968
         -5.800       -3.100       -1.968       -1.937       -3.126       -1.910
         -5.700       -3.015       -1.914       -1.881       -3.033       -1.851
         -5.600       -2.931       -1.861       -1.825       -2.939       -1.793
         -5.500       -2.847       -1.808       -1.770       -2.845       -1.735
         -5.400       -2.762       -1.755       -1.714       -2.751       -1.676
         -5.300       -2.678       -1.703       -1.659       -2.654       -1.617
         -5.200       -2.594       -1.651       -1.604       -2.554       -1.558
         -5.100       -2.509       -1.600       -1.549       -2.459       -1.499
         -5.000       -2.425       -1.548       -1.494       -2.353       -1.438
         -4.900       -2.341       -1.497       -1.439       -2.248       -1.376
         -4.800       -2.257       -1.447       -1.384       -2.145       -1.315
         -4.700       -2.172       -1.396       -1.329       -2.038       -1.251
         -4.600       -2.088       -1.346       -1.274       -1.915       -1.184
         -4.500       -2.004       -1.296       -1.218       -1.799       -1.117
         -4.400       -1.920       -1.247       -1.163       -1.663       -1.044
         -4.300       -1.836       -1.197       -1.107       -1.535       -0.969
         -4.200       -1.751       -1.148       -1.051       -1.391       -0.888
         -4.100       -1.667       -1.099       -0.995       -1.230       -0.796
         -4.000       -1.583       -1.051       -0.939       -1.065       -0.696
         -3.900       -1.499       -1.003       -0.882       -0.898       -0.589
         -3.800       -1.415       -0.955       -0.825       -0.758       -0.489
         -3.700       -1.330       -0.907       -0.768       -0.648       -0.403
         -3.600       -1.246       -0.860       -0.710       -0.551       -0.322
         -3.500       -1.162       -0.812       -0.652       -0.459       -0.244
         -3.400       -1.078       -0.766       -0.593       -0.370       -0.166
         -3.300       -0.994       -0.719       -0.534       -0.283       -0.089
         -3.200       -0.910       -0.673       -0.474       -0.197       -0.013
         -3.100       -0.825       -0.627       -0.414       -0.112        0.064
         -3.000       -0.741       -0.582       -0.353       -0.028        0.140
         -2.900       -0.657       -0.536       -0.292        0.054        0.216
         -2.800       -0.573       -0.491       -0.229        0.135        0.291
         -2.700       -0.489       -0.447       -0.166        0.215        0.366
         -2.600       -0.405       -0.403       -0.103        0.292        0.439
         -2.500       -0.321       -0.359       -0.039        0.368        0.512
         -2.400       -0.237       -0.315        0.026        0.441        0.582
         -2.300       -0.153       -0.272        0.092        0.508        0.649
         -2.200       -0.070       -0.230        0.159        0.570        0.712
         -2.100        0.014       -0.187        0.226        0.627        0.772
         -2.000        0.098       -0.145        0.294        0.674        0.825
         -1.900        0.181       -0.103        0.363        0.708        0.870
         -1.800        0.265       -0.062        0.432        0.725        0.904
         -1.700        0.348       -0.021        0.502        0.713        0.921
         -1.600        0.431        0.019        0.573        0.669        0.925
         -1.500        0.513        0.059        0.644        0.624        0.935
         -1.400        0.595        0.099        0.716        0.593        0.960
         -1.300        0.677        0.138        0.788        0.565        0.992
         -1.200        0.758        0.177        0.860        0.538        1.029
         -1.100        0.839        0.216        0.932        0.513        1.072
         -1.000        0.918        0.254        1.003        0.486        1.119
         -0.900        0.996        0.292        1.074        0.461        1.169
         -0.800        1.072        0.330        1.145        0.438        1.222
         -0.700        1.146        0.367        1.213        0.413        1.277
         -0.600        1.217        0.403        1.279        0.390        1.332
         -0.500        1.284        0.440        1.342        0.369        1.386
         -0.400        1.346        0.476        1.401        0.348        1.438
         -0.300        1.401        0.511        1.453        0.329        1.485
         -0.200        1.446        0.547        1.498        0.312        1.525
         -0.100        1.481        0.582        1.533        0.295        1.557
          0.000        1.502        0.616        1.555        0.281        1.578
          0.100        1.509        0.650        1.565        0.267        1.587
          0.200        1.501        0.684        1.563        0.256        1.583
          0.300        1.479        0.718        1.548        0.243        1.569
          0.400        1.445        0.748        1.525        0.234        1.546
          0.500        1.403        0.776        1.495        0.226        1.518
          0.600        1.356        0.804        1.463        0.218        1.487
          0.700        1.307        0.830        1.432        0.210        1.457
          0.800        1.258        0.855        1.403        0.205        1.429
          0.900        1.211        0.879        1.377        0.199        1.405
          1.000        1.167        0.900        1.355        0.194        1.384
          1.100        1.128        0.920        1.337        0.188        1.367
          1.200        1.092        0.939        1.323        0.184        1.354
          1.300        1.061        0.956        1.313        0.180        1.343
          1.400        1.033        0.972        1.304        0.177        1.336
          1.500        1.009        0.986        1.298        0.173        1.330
          1.600        0.988        1.001        1.295        0.171        1.327
          1.700        0.970        1.011        1.292        0.168        1.324
          1.800        0.955        1.020        1.290        0.168        1.322
          1.900        0.942        1.031        1.290        0.165        1.321
          2.000        0.930        1.038        1.288        0.164        1.320



