# log_10 of normalized differential counts per steradian [log(S^{5/2} dN/dS), S in Jy] at  1873.70 GHz,  i.e.  0.160E+03 micron
#        log S(Jy)    FSRQ        BL Lacs   flat total steep-spectrum     Total 
# desc: logs@@float dnds_fsrq@@float dnds_bllacs@@float dnds_flat@@float dnds_steep@@float dnds_total@@float
         -7.000       -4.245       -2.824       -2.808       -5.229       -2.806
         -6.900       -4.156       -2.762       -2.745       -5.134       -2.743
         -6.800       -4.069       -2.702       -2.683       -5.029       -2.681
         -6.700       -3.982       -2.642       -2.622       -4.934       -2.620
         -6.600       -3.896       -2.583       -2.563       -4.823       -2.560
         -6.500       -3.811       -2.526       -2.504       -4.717       -2.501
         -6.400       -3.726       -2.469       -2.446       -4.607       -2.443
         -6.300       -3.641       -2.413       -2.388       -4.481       -2.385
         -6.200       -3.556       -2.358       -2.331       -4.360       -2.327
         -6.100       -3.471       -2.303       -2.274       -4.229       -2.269
         -6.000       -3.387       -2.248       -2.218       -4.087       -2.212
         -5.900       -3.302       -2.194       -2.162       -3.945       -2.155
         -5.800       -3.218       -2.141       -2.106       -3.783       -2.097
         -5.700       -3.133       -2.088       -2.050       -3.620       -2.039
         -5.600       -3.049       -2.035       -1.995       -3.469       -1.981
         -5.500       -2.965       -1.983       -1.940       -3.346       -1.923
         -5.400       -2.880       -1.931       -1.885       -3.242       -1.866
         -5.300       -2.796       -1.879       -1.830       -3.149       -1.809
         -5.200       -2.712       -1.828       -1.775       -3.059       -1.753
         -5.100       -2.627       -1.777       -1.720       -2.974       -1.696
         -5.000       -2.543       -1.726       -1.665       -2.890       -1.640
         -4.900       -2.459       -1.676       -1.610       -2.807       -1.583
         -4.800       -2.375       -1.626       -1.554       -2.732       -1.527
         -4.700       -2.291       -1.576       -1.499       -2.654       -1.470
         -4.600       -2.206       -1.526       -1.444       -2.584       -1.413
         -4.500       -2.122       -1.477       -1.388       -2.516       -1.357
         -4.400       -2.038       -1.428       -1.332       -2.458       -1.301
         -4.300       -1.954       -1.379       -1.276       -2.414       -1.246
         -4.200       -1.869       -1.330       -1.220       -2.387       -1.191
         -4.100       -1.785       -1.282       -1.163       -2.394       -1.138
         -4.000       -1.701       -1.234       -1.106       -2.452       -1.087
         -3.900       -1.617       -1.186       -1.049       -2.540       -1.035
         -3.800       -1.533       -1.139       -0.991       -2.611       -0.981
         -3.700       -1.449       -1.091       -0.933       -2.669       -0.925
         -3.600       -1.364       -1.045       -0.875       -2.712       -0.868
         -3.500       -1.280       -0.998       -0.816       -2.745       -0.810
         -3.400       -1.196       -0.952       -0.756       -2.775       -0.752
         -3.300       -1.112       -0.906       -0.696       -2.797       -0.692
         -3.200       -1.028       -0.860       -0.635       -2.819       -0.632
         -3.100       -0.944       -0.815       -0.574       -2.834       -0.571
         -3.000       -0.860       -0.770       -0.511       -2.856       -0.510
         -2.900       -0.776       -0.725       -0.449       -2.871       -0.447
         -2.800       -0.692       -0.681       -0.385       -2.885       -0.384
         -2.700       -0.608       -0.637       -0.321       -2.892       -0.320
         -2.600       -0.524       -0.594       -0.256       -2.906       -0.255
         -2.500       -0.440       -0.550       -0.191       -2.914       -0.190
         -2.400       -0.356       -0.508       -0.124       -2.923       -0.123
         -2.300       -0.272       -0.465       -0.057       -2.931       -0.056
         -2.200       -0.189       -0.423        0.011       -2.936        0.011
         -2.100       -0.105       -0.381        0.079       -2.948        0.080
         -2.000       -0.022       -0.340        0.149       -2.951        0.149
         -1.900        0.061       -0.299        0.219       -2.952        0.219
         -1.800        0.144       -0.258        0.289       -2.964        0.289
         -1.700        0.227       -0.218        0.360       -2.965        0.360
         -1.600        0.309       -0.178        0.432       -2.967        0.432
         -1.500        0.391       -0.139        0.503       -2.970        0.504
         -1.400        0.472       -0.100        0.576       -2.973        0.576
         -1.300        0.553       -0.061        0.648       -2.976        0.648
         -1.200        0.633       -0.023        0.719       -2.979        0.719
         -1.100        0.711        0.015        0.791       -2.981        0.791
         -1.000        0.788        0.053        0.861       -2.981        0.861
         -0.900        0.862        0.090        0.930       -2.981        0.930
         -0.800        0.934        0.127        0.997       -2.981        0.997
         -0.700        1.002        0.163        1.061       -2.984        1.061
         -0.600        1.065        0.199        1.120       -2.986        1.120
         -0.500        1.121        0.235        1.174       -2.988        1.174
         -0.400        1.169        0.270        1.220       -2.990        1.220
         -0.300        1.206        0.305        1.257       -2.991        1.257
         -0.200        1.230        0.340        1.282       -2.990        1.282
         -0.100        1.240        0.374        1.295       -2.990        1.295
          0.000        1.234        0.408        1.295       -2.990        1.295
          0.100        1.215        0.442        1.283       -2.992        1.283
          0.200        1.183        0.473        1.261       -2.991        1.261
          0.300        1.143        0.501        1.232       -2.988        1.232
          0.400        1.096        0.529        1.200       -2.989        1.201
          0.500        1.047        0.555        1.169       -2.988        1.169
          0.600        0.998        0.581        1.139       -2.997        1.139
          0.700        0.951        0.604        1.112       -2.996        1.112
          0.800        0.907        0.627        1.090       -2.996        1.090
          0.900        0.866        0.648        1.072       -2.993        1.072
          1.000        0.830        0.665        1.056       -2.993        1.056
          1.100        0.797        0.683        1.045       -2.994        1.045
          1.200        0.769        0.699        1.036       -2.994        1.036
          1.300        0.744        0.715        1.031       -2.993        1.031
          1.400        0.723        0.728        1.026       -2.993        1.026
          1.500        0.705        0.739        1.023       -2.993        1.023
          1.600        0.689        0.751        1.022       -2.994        1.022
          1.700        0.675        0.759        1.020       -2.994        1.020
          1.800        0.663        0.768        1.020       -2.991        1.020
          1.900        0.653        0.775        1.019       -2.991        1.019
          2.000        0.643        0.783        1.020       -2.990        1.020


