####################
#Euclidean normalized differential source counts at 4.8 GHz from the model in Massardi et al. (2010).
# col. 1 =      log(S [Jy])
# col. 2 =      S^2.5dN/dS[Jy^1.5/sr] (sum of all the populations)
# col. 3 =      source counts for FSRQs	
# col. 4 =      source counts for BLLacs	
# col. 5 =      source counts for steep-spectrum objects	
##################
# desc: logs@@float dnds_total@@float dnds_fsrq@@float dnds_bllacs@@float dnds_steep@@float
        -6.000      0.861E-02      0.252E-03      0.501E-02      0.335E-02
         -5.920      0.101E-01      0.289E-03      0.579E-02      0.399E-02
         -5.840      0.118E-01      0.331E-03      0.669E-02      0.474E-02
         -5.760      0.137E-01      0.380E-03      0.772E-02      0.564E-02
         -5.680      0.161E-01      0.436E-03      0.891E-02      0.671E-02
         -5.600      0.188E-01      0.499E-03      0.103E-01      0.799E-02
         -5.520      0.220E-01      0.572E-03      0.119E-01      0.951E-02
         -5.440      0.257E-01      0.656E-03      0.137E-01      0.114E-01
         -5.360      0.301E-01      0.752E-03      0.158E-01      0.135E-01
         -5.280      0.352E-01      0.862E-03      0.183E-01      0.161E-01
         -5.200      0.412E-01      0.988E-03      0.211E-01      0.192E-01
         -5.120      0.483E-01      0.113E-02      0.243E-01      0.228E-01
         -5.040      0.566E-01      0.130E-02      0.280E-01      0.272E-01
         -4.960      0.663E-01      0.149E-02      0.323E-01      0.324E-01
         -4.880      0.776E-01      0.170E-02      0.373E-01      0.386E-01
         -4.800      0.910E-01      0.195E-02      0.430E-01      0.460E-01
         -4.720      0.107E+00      0.224E-02      0.496E-01      0.548E-01
         -4.640      0.125E+00      0.257E-02      0.572E-01      0.653E-01
         -4.560      0.147E+00      0.294E-02      0.659E-01      0.779E-01
         -4.480      0.172E+00      0.337E-02      0.760E-01      0.929E-01
         -4.400      0.202E+00      0.386E-02      0.876E-01      0.111E+00
         -4.320      0.237E+00      0.442E-02      0.101E+00      0.132E+00
         -4.240      0.279E+00      0.507E-02      0.116E+00      0.158E+00
         -4.160      0.328E+00      0.582E-02      0.134E+00      0.188E+00
         -4.080      0.385E+00      0.666E-02      0.154E+00      0.225E+00
         -4.000      0.453E+00      0.764E-02      0.177E+00      0.268E+00
         -3.920      0.533E+00      0.875E-02      0.204E+00      0.320E+00
         -3.840      0.627E+00      0.100E-01      0.234E+00      0.383E+00
         -3.760      0.738E+00      0.115E-01      0.269E+00      0.457E+00
         -3.680      0.868E+00      0.132E-01      0.310E+00      0.546E+00
         -3.600      0.102E+01      0.151E-01      0.355E+00      0.652E+00
         -3.520      0.120E+01      0.173E-01      0.408E+00      0.779E+00
         -3.440      0.142E+01      0.198E-01      0.468E+00      0.936E+00
         -3.360      0.168E+01      0.227E-01      0.536E+00      0.112E+01
         -3.280      0.198E+01      0.261E-01      0.613E+00      0.134E+01
         -3.200      0.233E+01      0.299E-01      0.701E+00      0.160E+01
         -3.120      0.274E+01      0.342E-01      0.801E+00      0.191E+01
         -3.040      0.323E+01      0.392E-01      0.914E+00      0.228E+01
         -2.960      0.380E+01      0.449E-01      0.104E+01      0.271E+01
         -2.880      0.446E+01      0.515E-01      0.119E+01      0.322E+01
         -2.800      0.524E+01      0.590E-01      0.135E+01      0.384E+01
         -2.720      0.616E+01      0.677E-01      0.153E+01      0.456E+01
         -2.640      0.722E+01      0.775E-01      0.173E+01      0.541E+01
         -2.560      0.844E+01      0.888E-01      0.195E+01      0.640E+01
         -2.480      0.988E+01      0.102E+00      0.220E+01      0.758E+01
         -2.400      0.115E+02      0.117E+00      0.248E+01      0.894E+01
         -2.320      0.134E+02      0.134E+00      0.278E+01      0.105E+02
         -2.240      0.155E+02      0.153E+00      0.311E+01      0.123E+02
         -2.160      0.179E+02      0.176E+00      0.346E+01      0.143E+02
         -2.080      0.206E+02      0.201E+00      0.385E+01      0.165E+02
         -2.000      0.235E+02      0.230E+00      0.426E+01      0.190E+02
         -1.920      0.268E+02      0.264E+00      0.471E+01      0.218E+02
         -1.840      0.304E+02      0.302E+00      0.518E+01      0.249E+02
         -1.760      0.342E+02      0.346E+00      0.568E+01      0.281E+02
         -1.680      0.383E+02      0.396E+00      0.620E+01      0.317E+02
         -1.600      0.428E+02      0.454E+00      0.675E+01      0.356E+02
         -1.520      0.474E+02      0.520E+00      0.732E+01      0.396E+02
         -1.440      0.521E+02      0.595E+00      0.791E+01      0.436E+02
         -1.360      0.568E+02      0.681E+00      0.852E+01      0.476E+02
         -1.280      0.615E+02      0.779E+00      0.915E+01      0.516E+02
         -1.200      0.662E+02      0.891E+00      0.978E+01      0.556E+02
         -1.120      0.707E+02      0.102E+01      0.104E+02      0.592E+02
         -1.040      0.748E+02      0.117E+01      0.111E+02      0.625E+02
         -0.960      0.784E+02      0.133E+01      0.118E+02      0.653E+02
         -0.880      0.816E+02      0.152E+01      0.124E+02      0.677E+02
         -0.800      0.843E+02      0.174E+01      0.131E+02      0.695E+02
         -0.720      0.864E+02      0.199E+01      0.138E+02      0.707E+02
         -0.640      0.878E+02      0.227E+01      0.144E+02      0.711E+02
         -0.560      0.885E+02      0.259E+01      0.151E+02      0.708E+02
         -0.480      0.887E+02      0.295E+01      0.158E+02      0.700E+02
         -0.400      0.883E+02      0.335E+01      0.164E+02      0.685E+02
         -0.320      0.875E+02      0.380E+01      0.170E+02      0.667E+02
         -0.240      0.864E+02      0.429E+01      0.176E+02      0.645E+02
         -0.160      0.851E+02      0.483E+01      0.182E+02      0.621E+02
         -0.080      0.838E+02      0.545E+01      0.188E+02      0.596E+02
          0.000      0.825E+02      0.610E+01      0.194E+02      0.571E+02
          0.080      0.812E+02      0.677E+01      0.199E+02      0.545E+02
          0.160      0.795E+02      0.749E+01      0.205E+02      0.515E+02
          0.240      0.782E+02      0.823E+01      0.210E+02      0.489E+02
          0.320      0.769E+02      0.901E+01      0.216E+02      0.463E+02
          0.400      0.755E+02      0.982E+01      0.221E+02      0.436E+02
          0.480      0.742E+02      0.107E+02      0.227E+02      0.409E+02
          0.560      0.729E+02      0.115E+02      0.232E+02      0.382E+02
          0.640      0.716E+02      0.124E+02      0.237E+02      0.355E+02
          0.720      0.704E+02      0.132E+02      0.242E+02      0.329E+02
          0.800      0.693E+02      0.140E+02      0.247E+02      0.306E+02
          0.880      0.684E+02      0.145E+02      0.252E+02      0.287E+02
          0.960      0.675E+02      0.149E+02      0.257E+02      0.269E+02
          1.040      0.664E+02      0.151E+02      0.261E+02      0.252E+02
          1.120      0.659E+02      0.156E+02      0.265E+02      0.238E+02
          1.200      0.653E+02      0.155E+02      0.269E+02      0.229E+02
          1.280      0.646E+02      0.150E+02      0.273E+02      0.222E+02
          1.360      0.636E+02      0.144E+02      0.277E+02      0.216E+02
          1.440      0.628E+02      0.137E+02      0.280E+02      0.210E+02
          1.520      0.618E+02      0.129E+02      0.284E+02      0.206E+02
          1.600      0.611E+02      0.120E+02      0.287E+02      0.203E+02
          1.680      0.606E+02      0.112E+02      0.291E+02      0.203E+02
          1.760      0.595E+02      0.103E+02      0.294E+02      0.197E+02
          1.840      0.582E+02      0.943E+01      0.298E+02      0.190E+02
          1.920      0.569E+02      0.857E+01      0.301E+02      0.181E+02
 ;*&%$ 
 # Redshift distribution a  4.8 GHz.
 # z	  total          FSRQ           BLLac          FRII          FRI
          0.050      0.238E-01      0.949E-04      0.687E-02      0.168E-01
          0.150      0.353E-01      0.622E-03      0.145E-01      0.202E-01
          0.250      0.378E-01      0.151E-02      0.159E-01      0.204E-01
          0.350      0.405E-01      0.264E-02      0.158E-01      0.221E-01
          0.450      0.437E-01      0.396E-02      0.152E-01      0.245E-01
          0.550      0.476E-01      0.538E-02      0.145E-01      0.278E-01
          0.650      0.506E-01      0.680E-02      0.136E-01      0.302E-01
          0.750      0.531E-01      0.818E-02      0.128E-01      0.321E-01
          0.850      0.547E-01      0.945E-02      0.119E-01      0.334E-01
          0.950      0.555E-01      0.106E-01      0.109E-01      0.340E-01
          1.050      0.552E-01      0.115E-01      0.996E-02      0.337E-01
          1.150      0.540E-01      0.123E-01      0.901E-02      0.327E-01
          1.250      0.519E-01      0.128E-01      0.807E-02      0.309E-01
          1.350      0.491E-01      0.134E-01      0.716E-02      0.286E-01
          1.450      0.457E-01      0.136E-01      0.628E-02      0.258E-01
          1.550      0.418E-01      0.135E-01      0.545E-02      0.228E-01
          1.650      0.377E-01      0.134E-01      0.468E-02      0.197E-01
          1.750      0.336E-01      0.130E-01      0.397E-02      0.166E-01
          1.850      0.292E-01      0.126E-01      0.332E-02      0.133E-01
          1.950      0.255E-01      0.120E-01      0.275E-02      0.107E-01
          2.050      0.220E-01      0.113E-01      0.225E-02      0.843E-02
          2.150      0.189E-01      0.106E-01      0.182E-02      0.648E-02
          2.250      0.161E-01      0.977E-02      0.145E-02      0.487E-02
          2.350      0.137E-01      0.894E-02      0.114E-02      0.358E-02
          2.450      0.115E-01      0.808E-02      0.888E-03      0.257E-02
          2.550      0.971E-02      0.722E-02      0.682E-03      0.181E-02
          2.650      0.814E-02      0.638E-02      0.516E-03      0.124E-02
          2.750      0.679E-02      0.557E-02      0.385E-03      0.835E-03
          2.850      0.564E-02      0.480E-02      0.284E-03      0.550E-03
          2.950      0.467E-02      0.409E-02      0.206E-03      0.371E-03
          3.050      0.381E-02      0.343E-02      0.148E-03      0.232E-03
          3.150      0.309E-02      0.284E-02      0.105E-03      0.143E-03
          3.250      0.248E-02      0.232E-02      0.729E-04      0.862E-04
          3.350      0.197E-02      0.187E-02      0.502E-04      0.511E-04
          3.450      0.155E-02      0.149E-02      0.340E-04      0.298E-04
          3.550      0.120E-02      0.116E-02      0.227E-04      0.170E-04
          3.650      0.922E-03      0.898E-03      0.150E-04      0.956E-05
          3.750      0.700E-03      0.685E-03      0.974E-05      0.529E-05
          3.850      0.525E-03      0.515E-03      0.624E-05      0.287E-05
          3.950      0.389E-03      0.384E-03      0.394E-05      0.154E-05
