#  log_10 of normalized differential counts per steradian [log(S^{5/2} dN/dS), S in Jy] at  4282.75 GHz,  i.e.  0.700E+02 micron
#          log S(Jy)    FSRQ        BL Lacs   flat total steep-spectrum     Total 
# desc: logs@@float dnds_fsrq@@float dnds_bllacs@@float dnds_flat@@float dnds_steep@@float dnds_total@@float
         -7.000       -4.266       -2.856       -2.839       -5.418       -2.838
         -6.900       -4.178       -2.793       -2.776       -5.311       -2.774
         -6.800       -4.091       -2.733       -2.715       -5.201       -2.713
         -6.700       -4.005       -2.675       -2.655       -5.083       -2.653
         -6.600       -3.920       -2.616       -2.595       -4.955       -2.593
         -6.500       -3.834       -2.559       -2.537       -4.828       -2.534
         -6.400       -3.749       -2.503       -2.479       -4.696       -2.476
         -6.300       -3.664       -2.446       -2.421       -4.542       -2.418
         -6.200       -3.579       -2.391       -2.364       -4.389       -2.360
         -6.100       -3.495       -2.337       -2.307       -4.229       -2.302
         -6.000       -3.410       -2.282       -2.251       -4.073       -2.245
         -5.900       -3.326       -2.229       -2.195       -3.947       -2.188
         -5.800       -3.241       -2.176       -2.140       -3.840       -2.131
         -5.700       -3.157       -2.123       -2.084       -3.748       -2.075
         -5.600       -3.072       -2.070       -2.029       -3.659       -2.019
         -5.500       -2.988       -2.018       -1.974       -3.573       -1.963
         -5.400       -2.904       -1.966       -1.919       -3.495       -1.907
         -5.300       -2.820       -1.915       -1.864       -3.415       -1.852
         -5.200       -2.735       -1.864       -1.809       -3.339       -1.796
         -5.100       -2.651       -1.813       -1.754       -3.274       -1.741
         -5.000       -2.567       -1.762       -1.699       -3.208       -1.686
         -4.900       -2.483       -1.712       -1.644       -3.157       -1.630
         -4.800       -2.398       -1.661       -1.588       -3.113       -1.576
         -4.700       -2.314       -1.612       -1.533       -3.104       -1.522
         -4.600       -2.230       -1.562       -1.478       -3.146       -1.468
         -4.500       -2.146       -1.513       -1.422       -3.223       -1.415
         -4.400       -2.061       -1.464       -1.366       -3.308       -1.361
         -4.300       -1.977       -1.415       -1.310       -3.370       -1.306
         -4.200       -1.893       -1.367       -1.253       -3.416       -1.250
         -4.100       -1.809       -1.318       -1.197       -3.458       -1.194
         -4.000       -1.725       -1.270       -1.140       -3.495       -1.138
         -3.900       -1.641       -1.223       -1.082       -3.518       -1.081
         -3.800       -1.556       -1.175       -1.024       -3.543       -1.023
         -3.700       -1.472       -1.128       -0.966       -3.557       -0.965
         -3.600       -1.388       -1.082       -0.907       -3.582       -0.906
         -3.500       -1.304       -1.035       -0.848       -3.596       -0.847
         -3.400       -1.220       -0.989       -0.788       -3.610       -0.788
         -3.300       -1.136       -0.943       -0.728       -3.623       -0.727
         -3.200       -1.052       -0.898       -0.667       -3.626       -0.666
         -3.100       -0.967       -0.853       -0.605       -3.639       -0.605
         -3.000       -0.883       -0.808       -0.543       -3.652       -0.543
         -2.900       -0.799       -0.763       -0.480       -3.654       -0.480
         -2.800       -0.715       -0.719       -0.416       -3.667       -0.416
         -2.700       -0.631       -0.675       -0.352       -3.669       -0.352
         -2.600       -0.547       -0.632       -0.287       -3.673       -0.286
         -2.500       -0.464       -0.589       -0.221       -3.679       -0.221
         -2.400       -0.380       -0.546       -0.154       -3.681       -0.154
         -2.300       -0.296       -0.504       -0.087       -3.684       -0.086
         -2.200       -0.212       -0.462       -0.018       -3.685       -0.018
         -2.100       -0.129       -0.420        0.050       -3.697        0.050
         -2.000       -0.046       -0.379        0.120       -3.697        0.120
         -1.900        0.037       -0.338        0.190       -3.697        0.190
         -1.800        0.120       -0.298        0.261       -3.698        0.261
         -1.700        0.203       -0.258        0.332       -3.701        0.332
         -1.600        0.285       -0.218        0.404       -3.703        0.404
         -1.500        0.367       -0.179        0.475       -3.706        0.476
         -1.400        0.448       -0.140        0.548       -3.708        0.548
         -1.300        0.528       -0.101        0.620       -3.709        0.620
         -1.200        0.607       -0.063        0.691       -3.708        0.691
         -1.100        0.685       -0.025        0.762       -3.708        0.762
         -1.000        0.761        0.012        0.832       -3.708        0.832
         -0.900        0.834        0.049        0.900       -3.710        0.900
         -0.800        0.905        0.086        0.966       -3.710        0.966
         -0.700        0.971        0.122        1.029       -3.715        1.029
         -0.600        1.032        0.158        1.086       -3.717        1.086
         -0.500        1.085        0.194        1.138       -3.717        1.138
         -0.400        1.129        0.229        1.181       -3.716        1.181
         -0.300        1.162        0.264        1.214       -3.715        1.214
         -0.200        1.181        0.298        1.235       -3.715        1.235
         -0.100        1.186        0.333        1.243       -3.712        1.243
          0.000        1.175        0.366        1.238       -3.711        1.238
          0.100        1.151        0.400        1.222       -3.713        1.222
          0.200        1.116        0.429        1.197       -3.713        1.197
          0.300        1.073        0.458        1.167       -3.712        1.167
          0.400        1.025        0.485        1.135       -3.711        1.135
          0.500        0.976        0.511        1.104       -3.711        1.104
          0.600        0.927        0.535        1.075       -3.713        1.075
          0.700        0.881        0.559        1.050       -3.715        1.050
          0.800        0.838        0.580        1.029       -3.717        1.029
          0.900        0.799        0.600        1.012       -3.719        1.012
          1.000        0.764        0.619        0.998       -3.719        0.998
          1.100        0.733        0.636        0.988       -3.718        0.988
          1.200        0.706        0.651        0.980       -3.717        0.980
          1.300        0.682        0.665        0.975       -3.718        0.975
          1.400        0.662        0.679        0.972       -3.714        0.972
          1.500        0.645        0.690        0.969       -3.714        0.969
          1.600        0.630        0.698        0.966       -3.716        0.966
          1.700        0.617        0.709        0.966       -3.716        0.966
          1.800        0.605        0.715        0.965       -3.715        0.965
          1.900        0.595        0.724        0.966       -3.714        0.966
          2.000        0.587        0.732        0.966       -3.714        0.966

