# log_10 of normalized differential counts per steradian [log(S^{5/2} dN/dS), S in Jy]  at 217.00 GHz
#          log S(Jy)    FSRQ        BL Lacs   flat total steep-spectrum     Total 
# desc: logs@@float dnds_fsrq@@float dnds_bllacs@@float dnds_flat@@float dnds_steep@@float dnds_total@@float
         -7.000       -4.188       -2.743       -2.727       -4.707       -2.723
         -6.900       -4.098       -2.678       -2.662       -4.611       -2.657
         -6.800       -4.010       -2.617       -2.600       -4.517       -2.595
         -6.700       -3.923       -2.557       -2.539       -4.423       -2.533
         -6.600       -3.836       -2.497       -2.478       -4.329       -2.472
         -6.500       -3.751       -2.439       -2.418       -4.235       -2.412
         -6.400       -3.665       -2.381       -2.359       -4.141       -2.352
         -6.300       -3.580       -2.325       -2.302       -4.047       -2.294
         -6.200       -3.495       -2.269       -2.244       -3.949       -2.235
         -6.100       -3.410       -2.213       -2.186       -3.854       -2.177
         -6.000       -3.325       -2.159       -2.130       -3.757       -2.120
         -5.900       -3.241       -2.104       -2.074       -3.653       -2.062
         -5.800       -3.156       -2.050       -2.018       -3.557       -2.005
         -5.700       -3.072       -1.997       -1.962       -3.452       -1.948
         -5.600       -2.987       -1.944       -1.906       -3.341       -1.891
         -5.500       -2.903       -1.891       -1.851       -3.231       -1.833
         -5.400       -2.819       -1.839       -1.796       -3.120       -1.776
         -5.300       -2.734       -1.787       -1.741       -2.995       -1.717
         -5.200       -2.650       -1.736       -1.686       -2.870       -1.658
         -5.100       -2.566       -1.684       -1.631       -2.732       -1.598
         -5.000       -2.482       -1.633       -1.576       -2.589       -1.536
         -4.900       -2.397       -1.583       -1.521       -2.437       -1.471
         -4.800       -2.313       -1.532       -1.466       -2.271       -1.402
         -4.700       -2.229       -1.482       -1.410       -2.104       -1.330
         -4.600       -2.145       -1.432       -1.355       -1.967       -1.260
         -4.500       -2.060       -1.382       -1.300       -1.856       -1.193
         -4.400       -1.976       -1.333       -1.244       -1.758       -1.128
         -4.300       -1.892       -1.284       -1.188       -1.666       -1.063
         -4.200       -1.808       -1.235       -1.132       -1.576       -0.999
         -4.100       -1.724       -1.187       -1.076       -1.490       -0.934
         -4.000       -1.639       -1.138       -1.019       -1.405       -0.870
         -3.900       -1.555       -1.090       -0.962       -1.320       -0.804
         -3.800       -1.471       -1.043       -0.905       -1.239       -0.740
         -3.700       -1.387       -0.995       -0.847       -1.158       -0.674
         -3.600       -1.303       -0.948       -0.789       -1.078       -0.609
         -3.500       -1.219       -0.901       -0.730       -1.003       -0.545
         -3.400       -1.134       -0.855       -0.671       -0.928       -0.480
         -3.300       -1.050       -0.808       -0.612       -0.860       -0.417
         -3.200       -0.966       -0.762       -0.551       -0.795       -0.355
         -3.100       -0.882       -0.717       -0.491       -0.735       -0.295
         -3.000       -0.798       -0.672       -0.429       -0.689       -0.239
         -2.900       -0.714       -0.627       -0.367       -0.665       -0.190
         -2.800       -0.630       -0.582       -0.304       -0.663       -0.147
         -2.700       -0.546       -0.538       -0.241       -0.711       -0.114
         -2.600       -0.462       -0.494       -0.177       -0.783       -0.080
         -2.500       -0.378       -0.450       -0.112       -0.843       -0.038
         -2.400       -0.294       -0.407       -0.046       -0.887        0.013
         -2.300       -0.210       -0.364        0.021       -0.920        0.068
         -2.200       -0.127       -0.322        0.088       -0.954        0.125
         -2.100       -0.043       -0.280        0.156       -0.982        0.186
         -2.000        0.041       -0.238        0.224       -1.004        0.249
         -1.900        0.124       -0.197        0.294       -1.027        0.314
         -1.800        0.207       -0.156        0.364       -1.049        0.380
         -1.700        0.290       -0.115        0.434       -1.068        0.448
         -1.600        0.373       -0.075        0.505       -1.085        0.516
         -1.500        0.455       -0.035        0.577       -1.103        0.586
         -1.400        0.537        0.004        0.649       -1.119        0.656
         -1.300        0.618        0.043        0.721       -1.135        0.727
         -1.200        0.699        0.082        0.793       -1.145        0.798
         -1.100        0.778        0.120        0.864       -1.157        0.868
         -1.000        0.856        0.158        0.936       -1.167        0.939
         -0.900        0.933        0.195        1.006       -1.177        1.009
         -0.800        1.007        0.233        1.075       -1.185        1.077
         -0.700        1.079        0.269        1.141       -1.196        1.143
         -0.600        1.146        0.306        1.205       -1.201        1.207
         -0.500        1.209        0.342        1.264       -1.206        1.266
         -0.400        1.265        0.377        1.318       -1.209        1.319
         -0.300        1.312        0.413        1.363       -1.219        1.364
         -0.200        1.348        0.448        1.399       -1.222        1.400
         -0.100        1.371        0.482        1.424       -1.226        1.425
          0.000        1.380        0.517        1.436       -1.229        1.437
          0.100        1.374        0.551        1.435       -1.234        1.436
          0.200        1.354        0.584        1.422       -1.237        1.423
          0.300        1.321        0.615        1.399       -1.240        1.400
          0.400        1.280        0.644        1.371       -1.241        1.372
          0.500        1.234        0.671        1.339       -1.242        1.340
          0.600        1.185        0.698        1.307       -1.243        1.308
          0.700        1.136        0.722        1.278       -1.245        1.279
          0.800        1.089        0.747        1.251       -1.246        1.253
          0.900        1.044        0.768        1.229       -1.245        1.230
          1.000        1.004        0.789        1.211       -1.246        1.212
          1.100        0.968        0.808        1.196       -1.252        1.198
          1.200        0.936        0.825        1.185       -1.252        1.187
          1.300        0.908        0.841        1.177       -1.252        1.178
          1.400        0.883        0.855        1.170       -1.252        1.172
          1.500        0.862        0.867        1.166       -1.250        1.167
          1.600        0.844        0.881        1.164       -1.251        1.166
          1.700        0.828        0.890        1.161       -1.252        1.163
          1.800        0.815        0.901        1.161       -1.252        1.163
          1.900        0.803        0.908        1.159       -1.252        1.161
          2.000        0.792        0.916        1.160       -1.251        1.161



